word,data/austen-emma.txt,data/austen-persuasion.txt,data/austen-sense.txt
abilities,0.2,0.2,0.6
abode,0.14285714285714285,0.14285714285714285,0.7142857142857143
about,0.5051334702258727,0.19917864476386038,0.29568788501026694
above,0.3157894736842105,0.15789473684210525,0.5263157894736842
abroad,0.3,0.25,0.45
absence,0.4411764705882353,0.2647058823529412,0.29411764705882354
absolute,0.3333333333333333,0.3333333333333333,0.3333333333333333
absolutely,0.6875,0.10416666666666667,0.20833333333333334
absurdity,0.16666666666666666,0.16666666666666666,0.6666666666666666
abundance,0.625,0.125,0.25
abused,0.25,0.5,0.25
acceptable,0.6153846153846154,0.15384615384615385,0.23076923076923078
acceptance,0.4,0.2,0.4
accepted,0.5238095238095238,0.14285714285714285,0.3333333333333333
accepting,0.4,0.2,0.4
accident,0.07692307692307693,0.5384615384615384,0.38461538461538464
accidental,0.6,0.2,0.2
accidentally,0.2222222222222222,0.2222222222222222,0.5555555555555556
accommodate,0.2857142857142857,0.2857142857142857,0.42857142857142855
accommodation,0.375,0.1875,0.4375
accommodations,0.2222222222222222,0.6666666666666666,0.1111111111111111
accompanied,0.5714285714285714,0.14285714285714285,0.2857142857142857
accompany,0.375,0.125,0.5
accomplished,0.7333333333333333,0.13333333333333333,0.13333333333333333
accomplishment,0.4,0.2,0.4
according,0.625,0.125,0.25
accordingly,0.3076923076923077,0.46153846153846156,0.23076923076923078
accosted,0.3333333333333333,0.3333333333333333,0.3333333333333333
account,0.40441176470588236,0.27205882352941174,0.3235294117647059
accounts,0.2857142857142857,0.35714285714285715,0.35714285714285715
accuse,0.3333333333333333,0.3333333333333333,0.3333333333333333
acknowledge,0.4117647058823529,0.23529411764705882,0.35294117647058826
acknowledged,0.3548387096774194,0.25806451612903225,0.3870967741935484
acquaintance,0.3387096774193548,0.3279569892473118,0.3333333333333333
acquainted,0.3764705882352941,0.3176470588235294,0.3058823529411765
acquiescence,0.5555555555555556,0.2222222222222222,0.2222222222222222
acquired,0.375,0.5,0.125
acquitted,0.25,0.25,0.5
action,0.42857142857142855,0.14285714285714285,0.42857142857142855
actions,0.08333333333333333,0.16666666666666666,0.75
active,0.3333333333333333,0.23809523809523808,0.42857142857142855
actual,0.375,0.5,0.125
actually,0.6428571428571429,0.21428571428571427,0.14285714285714285
acute,0.5,0.25,0.25
addition,0.4782608695652174,0.21739130434782608,0.30434782608695654
additional,0.36363636363636365,0.2727272727272727,0.36363636363636365
addressed,0.4,0.3,0.3
addresses,0.3333333333333333,0.5,0.16666666666666666
addressing,0.5625,0.1875,0.25
adieus,0.25,0.25,0.5
adjoining,0.5454545454545454,0.2727272727272727,0.18181818181818182
admiration,0.4444444444444444,0.18518518518518517,0.37037037037037035
admire,0.34615384615384615,0.2692307692307692,0.38461538461538464
admired,0.6,0.2,0.2
admires,0.2,0.2,0.6
admiring,0.3333333333333333,0.3333333333333333,0.3333333333333333
admitted,0.41379310344827586,0.41379310344827586,0.1724137931034483
advance,0.5,0.125,0.375
advanced,0.23076923076923078,0.07692307692307693,0.6923076923076923
advancing,0.25,0.25,0.5
advantage,0.36486486486486486,0.2972972972972973,0.33783783783783783
advantages,0.6,0.25,0.15
advice,0.4827586206896552,0.1724137931034483,0.3448275862068966
advisable,0.25,0.125,0.625
advise,0.55,0.05,0.4
advised,0.4,0.2,0.4
affairs,0.29411764705882354,0.47058823529411764,0.23529411764705882
affected,0.28,0.4,0.32
affecting,0.16666666666666666,0.16666666666666666,0.6666666666666666
affection,0.3602941176470588,0.0661764705882353,0.5735294117647058
affectionate,0.2647058823529412,0.08823529411764706,0.6470588235294118
affectionately,0.16666666666666666,0.5,0.3333333333333333
affections,0.4230769230769231,0.11538461538461539,0.46153846153846156
affliction,0.1,0.15,0.75
afforded,0.47058823529411764,0.11764705882352941,0.4117647058823529
afraid,0.6237623762376238,0.1485148514851485,0.22772277227722773
afternoon,0.45454545454545453,0.2727272727272727,0.2727272727272727
afterwards,0.3619047619047619,0.3333333333333333,0.3047619047619048
again,0.430062630480167,0.2755741127348643,0.29436325678496866
against,0.3333333333333333,0.1956521739130435,0.47101449275362317
agitated,0.6428571428571429,0.21428571428571427,0.14285714285714285
agitation,0.3404255319148936,0.2978723404255319,0.3617021276595745
agree,0.5357142857142857,0.25,0.21428571428571427
agreeable,0.44642857142857145,0.3392857142857143,0.21428571428571427
agreed,0.4666666666666667,0.3333333333333333,0.2
agreeing,0.6666666666666666,0.16666666666666666,0.16666666666666666
agreement,0.2,0.4,0.4
alacrity,0.375,0.375,0.25
alarmed,0.46153846153846156,0.3076923076923077,0.23076923076923078
alarming,0.5,0.3333333333333333,0.16666666666666666
alike,0.3684210526315789,0.21052631578947367,0.42105263157894735
alive,0.3333333333333333,0.4444444444444444,0.2222222222222222
allowable,0.5714285714285714,0.14285714285714285,0.2857142857142857
allowance,0.2222222222222222,0.3333333333333333,0.4444444444444444
allowances,0.42857142857142855,0.2857142857142857,0.2857142857142857
allowed,0.5555555555555556,0.20833333333333334,0.2361111111111111
allowing,0.5714285714285714,0.14285714285714285,0.2857142857142857
alluded,0.25,0.375,0.375
allusion,0.6,0.2,0.2
alone,0.32,0.28,0.4
aloud,0.5833333333333334,0.16666666666666666,0.25
already,0.3893805309734513,0.17699115044247787,0.4336283185840708
alteration,0.10526315789473684,0.10526315789473684,0.7894736842105263
altered,0.21739130434782608,0.5217391304347826,0.2608695652173913
altogether,0.40425531914893614,0.2765957446808511,0.3191489361702128
amazement,0.26666666666666666,0.13333333333333333,0.6
amazingly,0.5,0.25,0.25
ambition,0.4,0.2,0.4
amendment,0.1111111111111111,0.1111111111111111,0.7777777777777778
amiable,0.5932203389830508,0.11864406779661017,0.288135593220339
amount,0.4444444444444444,0.1111111111111111,0.4444444444444444
amuse,0.5714285714285714,0.14285714285714285,0.2857142857142857
amused,0.64,0.24,0.12
amusement,0.3783783783783784,0.24324324324324326,0.3783783783783784
amusing,0.6363636363636364,0.2727272727272727,0.09090909090909091
ancient,0.16666666666666666,0.5,0.3333333333333333
animated,0.26666666666666666,0.26666666666666666,0.4666666666666667
animation,0.42857142857142855,0.35714285714285715,0.21428571428571427
announce,0.46153846153846156,0.15384615384615385,0.38461538461538464
announced,0.38461538461538464,0.3076923076923077,0.3076923076923077
another,0.4331983805668016,0.2631578947368421,0.30364372469635625
anothers,0.25,0.25,0.5
answered,0.3275862068965517,0.25862068965517243,0.41379310344827586
anticipated,0.5555555555555556,0.2222222222222222,0.2222222222222222
anticipating,0.25,0.5,0.25
anticipation,0.6666666666666666,0.16666666666666666,0.16666666666666666
anxiety,0.3829787234042553,0.23404255319148937,0.3829787234042553
anxious,0.4025974025974026,0.22077922077922077,0.37662337662337664
anxiously,0.42857142857142855,0.2857142857142857,0.2857142857142857
apartment,0.25,0.25,0.5
apartments,0.2,0.4,0.4
apologies,0.6666666666666666,0.25,0.08333333333333333
apology,0.25,0.25,0.5
apothecary,0.16666666666666666,0.3333333333333333,0.5
apparent,0.5263157894736842,0.3684210526315789,0.10526315789473684
apparently,0.2857142857142857,0.42857142857142855,0.2857142857142857
appeal,0.2857142857142857,0.5714285714285714,0.14285714285714285
appear,0.4714285714285714,0.18571428571428572,0.34285714285714286
appearance,0.36585365853658536,0.2926829268292683,0.34146341463414637
appearances,0.5,0.25,0.25
appeared,0.47115384615384615,0.19230769230769232,0.33653846153846156
appearing,0.35714285714285715,0.21428571428571427,0.42857142857142855
appeased,0.5,0.25,0.25
application,0.2727272727272727,0.36363636363636365,0.36363636363636365
applied,0.2727272727272727,0.45454545454545453,0.2727272727272727
appointed,0.2,0.6,0.2
apprehension,0.6363636363636364,0.18181818181818182,0.18181818181818182
apprehensive,0.5714285714285714,0.14285714285714285,0.2857142857142857
approach,0.4,0.3333333333333333,0.26666666666666666
approached,0.45454545454545453,0.2727272727272727,0.2727272727272727
approaching,0.6363636363636364,0.09090909090909091,0.2727272727272727
approve,0.35714285714285715,0.07142857142857142,0.5714285714285714
approved,0.5454545454545454,0.18181818181818182,0.2727272727272727
argument,0.4444444444444444,0.2222222222222222,0.3333333333333333
arise,0.5,0.07142857142857142,0.42857142857142855
arose,0.23529411764705882,0.23529411764705882,0.5294117647058824
around,0.38235294117647056,0.35294117647058826,0.2647058823529412
arranged,0.4583333333333333,0.25,0.2916666666666667
arrangement,0.5925925925925926,0.18518518518518517,0.2222222222222222
arrangements,0.18181818181818182,0.5454545454545454,0.2727272727272727
arranging,0.3333333333333333,0.3333333333333333,0.3333333333333333
arrival,0.22807017543859648,0.15789473684210525,0.6140350877192983
arrive,0.5,0.4,0.1
arrived,0.37777777777777777,0.2,0.4222222222222222
arriving,0.5,0.3,0.2
article,0.45454545454545453,0.36363636363636365,0.18181818181818182
ascertain,0.3333333333333333,0.4444444444444444,0.2222222222222222
ashamed,0.54,0.28,0.18
aside,0.36363636363636365,0.18181818181818182,0.45454545454545453
assembled,0.5714285714285714,0.14285714285714285,0.2857142857142857
asserted,0.4,0.4,0.2
assertion,0.09090909090909091,0.18181818181818182,0.7272727272727273
assistance,0.42857142857142855,0.17142857142857143,0.4
assisted,0.3333333333333333,0.3333333333333333,0.3333333333333333
assisting,0.5,0.3333333333333333,0.16666666666666666
associate,0.6,0.2,0.2
assurances,0.26666666666666666,0.06666666666666667,0.6666666666666666
assure,0.5086206896551724,0.21551724137931033,0.27586206896551724
assured,0.32608695652173914,0.10869565217391304,0.5652173913043478
assuring,0.4,0.2,0.4
astonished,0.27586206896551724,0.27586206896551724,0.4482758620689655
astonishing,0.5,0.16666666666666666,0.3333333333333333
astonishment,0.15625,0.3125,0.53125
asunder,0.3333333333333333,0.5,0.16666666666666666
atmosphere,0.25,0.25,0.5
atonement,0.3333333333333333,0.16666666666666666,0.5
attached,0.6153846153846154,0.1282051282051282,0.2564102564102564
attaching,0.14285714285714285,0.2857142857142857,0.5714285714285714
attachment,0.44761904761904764,0.23809523809523808,0.3142857142857143
attachments,0.14285714285714285,0.2857142857142857,0.5714285714285714
attempted,0.3,0.15,0.55
attendance,0.36363636363636365,0.2727272727272727,0.36363636363636365
attendant,0.3333333333333333,0.3333333333333333,0.3333333333333333
attended,0.2727272727272727,0.18181818181818182,0.5454545454545454
attending,0.24242424242424243,0.45454545454545453,0.30303030303030304
attention,0.4084507042253521,0.19014084507042253,0.4014084507042254
attentions,0.6222222222222222,0.2,0.17777777777777778
attentive,0.43478260869565216,0.2608695652173913,0.30434782608695654
attentively,0.42857142857142855,0.14285714285714285,0.42857142857142855
attraction,0.5,0.3125,0.1875
attractions,0.1111111111111111,0.2222222222222222,0.6666666666666666
attractive,0.4,0.2,0.4
attribute,0.14285714285714285,0.14285714285714285,0.7142857142857143
attributing,0.25,0.25,0.5
audible,0.25,0.25,0.5
austen,0.3333333333333333,0.3333333333333333,0.3333333333333333
authority,0.375,0.4375,0.1875
autumn,0.3684210526315789,0.5263157894736842,0.10526315789473684
avail,0.4,0.2,0.4
avoid,0.29545454545454547,0.22727272727272727,0.4772727272727273
avoided,0.2857142857142857,0.21428571428571427,0.5
avoiding,0.5555555555555556,0.1111111111111111,0.3333333333333333
awake,0.4,0.2,0.4
aware,0.44642857142857145,0.26785714285714285,0.2857142857142857
awkwardness,0.5,0.4,0.1
banished,0.3333333333333333,0.16666666666666666,0.5
bearing,0.42857142857142855,0.2857142857142857,0.2857142857142857
beauties,0.375,0.125,0.5
beautiful,0.55,0.15,0.3
beauty,0.48333333333333334,0.16666666666666666,0.35
became,0.4339622641509434,0.24528301886792453,0.32075471698113206
because,0.36879432624113473,0.18439716312056736,0.44680851063829785
become,0.27906976744186046,0.3023255813953488,0.4186046511627907
becoming,0.6,0.25,0.15
bedroom,0.25,0.5,0.25
before,0.436036036036036,0.209009009009009,0.35495495495495494
beforehand,0.5714285714285714,0.2857142857142857,0.14285714285714285
beginning,0.5194805194805194,0.33766233766233766,0.14285714285714285
behave,0.375,0.125,0.5
behaviour,0.25555555555555554,0.044444444444444446,0.7
belief,0.14285714285714285,0.35714285714285715,0.5
believe,0.4225941422594142,0.200836820083682,0.37656903765690375
believed,0.46875,0.21875,0.3125
believing,0.1875,0.25,0.5625
belonged,0.46153846153846156,0.46153846153846156,0.07692307692307693
belonging,0.23529411764705882,0.29411764705882354,0.47058823529411764
beloved,0.47058823529411764,0.17647058823529413,0.35294117647058826
beneath,0.375,0.375,0.25
benefit,0.35714285714285715,0.35714285714285715,0.2857142857142857
benefited,0.3333333333333333,0.16666666666666666,0.5
benevolent,0.4,0.4,0.2
besides,0.3953488372093023,0.32558139534883723,0.27906976744186046
bestowed,0.2,0.1,0.7
betraying,0.2222222222222222,0.2222222222222222,0.5555555555555556
between,0.37244897959183676,0.28061224489795916,0.3469387755102041
bewitching,0.2857142857142857,0.42857142857142855,0.2857142857142857
blameless,0.6,0.2,0.2
blooming,0.25,0.5,0.25
breakfast,0.27906976744186046,0.3023255813953488,0.4186046511627907
breaking,0.2727272727272727,0.2727272727272727,0.45454545454545453
brightened,0.3333333333333333,0.3333333333333333,0.3333333333333333
brilliancy,0.25,0.5,0.25
brilliant,0.6666666666666666,0.1111111111111111,0.2222222222222222
brotherinlaw,0.3333333333333333,0.3333333333333333,0.3333333333333333
business,0.4262295081967213,0.20491803278688525,0.36885245901639346
calculate,0.5,0.25,0.25
calculated,0.2727272727272727,0.2727272727272727,0.45454545454545453
capable,0.1875,0.28125,0.53125
caprice,0.6,0.2,0.2
careful,0.26666666666666666,0.3333333333333333,0.4
carefully,0.375,0.125,0.5
careless,0.23076923076923078,0.46153846153846156,0.3076923076923077
carelessly,0.3333333333333333,0.3333333333333333,0.3333333333333333
carelessness,0.25,0.25,0.5
carriage,0.4881889763779528,0.1968503937007874,0.31496062992125984
carriages,0.6470588235294118,0.11764705882352941,0.23529411764705882
carried,0.17857142857142858,0.25,0.5714285714285714
cause,0.4594594594594595,0.16216216216216217,0.3783783783783784
caution,0.5,0.25,0.25
cautious,0.5384615384615384,0.3076923076923077,0.15384615384615385
cease,0.4666666666666667,0.2,0.3333333333333333
ceased,0.25,0.3333333333333333,0.4166666666666667
ceremony,0.3888888888888889,0.2222222222222222,0.3888888888888889
certain,0.391304347826087,0.17391304347826086,0.43478260869565216
certainly,0.46534653465346537,0.2376237623762376,0.297029702970297
certainty,0.5263157894736842,0.2631578947368421,0.21052631578947367
chaise,0.26666666666666666,0.3333333333333333,0.4
character,0.3387096774193548,0.3951612903225806,0.2661290322580645
characters,0.25,0.25,0.5
cheerful,0.5714285714285714,0.1836734693877551,0.24489795918367346
cheerfulness,0.21428571428571427,0.21428571428571427,0.5714285714285714
cheerless,0.25,0.25,0.5
choice,0.32,0.28,0.4
choose,0.125,0.5,0.375
christian,0.2857142857142857,0.42857142857142855,0.2857142857142857
circumstance,0.4788732394366197,0.2535211267605634,0.2676056338028169
circumstances,0.35714285714285715,0.2976190476190476,0.34523809523809523
civilities,0.5294117647058824,0.23529411764705882,0.23529411764705882
civility,0.29411764705882354,0.23529411764705882,0.47058823529411764
claimed,0.3333333333333333,0.5,0.16666666666666666
claiming,0.3333333333333333,0.3333333333333333,0.3333333333333333
cleared,0.3333333333333333,0.4166666666666667,0.25
clearer,0.6,0.2,0.2
clearing,0.5,0.25,0.25
climate,0.25,0.5,0.25
collected,0.42105263157894735,0.3684210526315789,0.21052631578947367
collecting,0.5714285714285714,0.2857142857142857,0.14285714285714285
collection,0.75,0.125,0.125
colonel,0.16964285714285715,0.10267857142857142,0.7276785714285714
colour,0.2222222222222222,0.16666666666666666,0.6111111111111112
coloured,0.2,0.1,0.7
comfortable,0.4358974358974359,0.1794871794871795,0.38461538461538464
comforted,0.6,0.2,0.2
commanded,0.25,0.5,0.25
commission,0.45454545454545453,0.18181818181818182,0.36363636363636365
commonest,0.25,0.25,0.5
commonplace,0.3,0.2,0.5
communicate,0.25,0.25,0.5
communicated,0.4444444444444444,0.2222222222222222,0.3333333333333333
communication,0.3333333333333333,0.2222222222222222,0.4444444444444444
companion,0.5,0.16666666666666666,0.3333333333333333
companions,0.44,0.28,0.28
comparatively,0.2222222222222222,0.4444444444444444,0.3333333333333333
compare,0.46153846153846156,0.3076923076923077,0.23076923076923078
compared,0.625,0.3125,0.0625
comparison,0.3448275862068966,0.20689655172413793,0.4482758620689655
compassion,0.35135135135135137,0.13513513513513514,0.5135135135135135
compassionate,0.4,0.1,0.5
complain,0.36363636363636365,0.36363636363636365,0.2727272727272727
complained,0.2,0.2,0.6
complaint,0.5,0.14285714285714285,0.35714285714285715
complaints,0.4444444444444444,0.3333333333333333,0.2222222222222222
complaisance,0.2222222222222222,0.5555555555555556,0.2222222222222222
complete,0.5405405405405406,0.24324324324324326,0.21621621621621623
completed,0.6,0.2,0.2
completely,0.52,0.34,0.14
completion,0.3333333333333333,0.3333333333333333,0.3333333333333333
complexion,0.48,0.16,0.36
compliance,0.2857142857142857,0.2857142857142857,0.42857142857142855
compliment,0.75,0.1,0.15
compliments,0.5357142857142857,0.32142857142857145,0.14285714285714285
composed,0.4,0.3333333333333333,0.26666666666666666
composedly,0.4,0.4,0.2
composure,0.23333333333333334,0.2,0.5666666666666667
comprehend,0.46875,0.28125,0.25
comprehended,0.3333333333333333,0.16666666666666666,0.5
comprehension,0.4444444444444444,0.1111111111111111,0.4444444444444444
comprised,0.3333333333333333,0.3333333333333333,0.3333333333333333
compunction,0.3333333333333333,0.3333333333333333,0.3333333333333333
conceal,0.47368421052631576,0.10526315789473684,0.42105263157894735
concealed,0.15384615384615385,0.15384615384615385,0.6923076923076923
concealing,0.4,0.1,0.5
conceited,0.6666666666666666,0.16666666666666666,0.16666666666666666
conceive,0.46153846153846156,0.15384615384615385,0.38461538461538464
concerned,0.4117647058823529,0.20588235294117646,0.38235294117647056
conclude,0.6,0.2,0.2
concluded,0.2222222222222222,0.16666666666666666,0.6111111111111112
concluding,0.4444444444444444,0.2222222222222222,0.3333333333333333
conclusion,0.4444444444444444,0.2777777777777778,0.2777777777777778
condition,0.3333333333333333,0.16666666666666666,0.5
condolence,0.25,0.5,0.25
confessed,0.3333333333333333,0.16666666666666666,0.5
confidence,0.288135593220339,0.1864406779661017,0.5254237288135594
confident,0.375,0.25,0.375
confidential,0.3333333333333333,0.3333333333333333,0.3333333333333333
confined,0.4782608695652174,0.13043478260869565,0.391304347826087
confinement,0.2222222222222222,0.2222222222222222,0.5555555555555556
confirmation,0.42857142857142855,0.2857142857142857,0.2857142857142857
confirmed,0.5555555555555556,0.2222222222222222,0.2222222222222222
confused,0.4444444444444444,0.3333333333333333,0.2222222222222222
confusion,0.5,0.2857142857142857,0.21428571428571427
congratulated,0.3333333333333333,0.3333333333333333,0.3333333333333333
conjecture,0.3,0.1,0.6
connected,0.5238095238095238,0.23809523809523808,0.23809523809523808
conscience,0.2692307692307692,0.23076923076923078,0.5
conscious,0.4074074074074074,0.25925925925925924,0.3333333333333333
consciousness,0.43478260869565216,0.30434782608695654,0.2608695652173913
consented,0.14285714285714285,0.2857142857142857,0.5714285714285714
consequence,0.33766233766233766,0.42857142857142855,0.23376623376623376
consequences,0.3333333333333333,0.3333333333333333,0.3333333333333333
consequently,0.2857142857142857,0.5714285714285714,0.14285714285714285
consider,0.5277777777777778,0.16666666666666666,0.3055555555555556
considerable,0.4358974358974359,0.1794871794871795,0.38461538461538464
considerably,0.6666666666666666,0.16666666666666666,0.16666666666666666
consideration,0.5609756097560976,0.14634146341463414,0.2926829268292683
considered,0.2535211267605634,0.36619718309859156,0.38028169014084506
considering,0.5263157894736842,0.2894736842105263,0.18421052631578946
considers,0.5714285714285714,0.14285714285714285,0.2857142857142857
consistent,0.2,0.4,0.4
consolation,0.37037037037037035,0.14814814814814814,0.48148148148148145
consulted,0.4,0.4,0.2
contained,0.4444444444444444,0.1111111111111111,0.4444444444444444
containing,0.5,0.375,0.125
contemptible,0.6,0.2,0.2
contemptuous,0.25,0.25,0.5
contented,0.5,0.16666666666666666,0.3333333333333333
continual,0.36,0.12,0.52
continually,0.35294117647058826,0.5882352941176471,0.058823529411764705
continue,0.6875,0.0625,0.25
continued,0.3425925925925926,0.1388888888888889,0.5185185185185185
continuing,0.29411764705882354,0.29411764705882354,0.4117647058823529
contracted,0.25,0.25,0.5
contradict,0.3333333333333333,0.3333333333333333,0.3333333333333333
contradicted,0.14285714285714285,0.14285714285714285,0.7142857142857143
contrasted,0.25,0.5,0.25
contributed,0.25,0.25,0.5
contributing,0.3333333333333333,0.3333333333333333,0.3333333333333333
contrived,0.5,0.2,0.3
convenience,0.375,0.3125,0.3125
convenient,0.4166666666666667,0.3333333333333333,0.25
conveniently,0.5,0.25,0.25
conversation,0.36363636363636365,0.2727272727272727,0.36363636363636365
conversations,0.3333333333333333,0.3333333333333333,0.3333333333333333
converse,0.16666666666666666,0.3333333333333333,0.5
conveyed,0.5263157894736842,0.3157894736842105,0.15789473684210525
conviction,0.35555555555555557,0.17777777777777778,0.4666666666666667
convince,0.375,0.25,0.375
convinced,0.4805194805194805,0.11688311688311688,0.4025974025974026
cordial,0.625,0.25,0.125
cordiality,0.14285714285714285,0.42857142857142855,0.42857142857142855
cordially,0.5714285714285714,0.14285714285714285,0.2857142857142857
correspondence,0.25,0.25,0.5
cottage,0.06818181818181818,0.25,0.6818181818181818
counsel,0.4,0.2,0.4
countenance,0.2833333333333333,0.25,0.4666666666666667
couple,0.5526315789473685,0.13157894736842105,0.3157894736842105
courage,0.35294117647058826,0.4117647058823529,0.23529411764705882
course,0.45454545454545453,0.3181818181818182,0.22727272727272727
cousin,0.05128205128205128,0.6666666666666666,0.28205128205128205
cousins,0.047619047619047616,0.5,0.4523809523809524
create,0.4,0.2,0.4
created,0.2,0.2,0.6
creation,0.3333333333333333,0.3333333333333333,0.3333333333333333
creature,0.6065573770491803,0.16393442622950818,0.22950819672131148
creatures,0.46153846153846156,0.3076923076923077,0.23076923076923078
creditable,0.2,0.4,0.4
critical,0.4,0.2,0.4
curiosity,0.39705882352941174,0.25,0.35294117647058826
curious,0.375,0.5,0.125
dangerous,0.4,0.45,0.15
daughter,0.44329896907216493,0.18556701030927836,0.3711340206185567
daughters,0.3230769230769231,0.2,0.47692307692307695
dearest,0.6551724137931034,0.034482758620689655,0.3103448275862069
deceive,0.3333333333333333,0.2222222222222222,0.4444444444444444
deceived,0.4,0.05,0.55
decide,0.35714285714285715,0.35714285714285715,0.2857142857142857
decided,0.48214285714285715,0.39285714285714285,0.125
deciding,0.25,0.25,0.5
decision,0.42105263157894735,0.3684210526315789,0.21052631578947367
decisive,0.7142857142857143,0.14285714285714285,0.14285714285714285
declaration,0.46153846153846156,0.15384615384615385,0.38461538461538464
declare,0.2894736842105263,0.2894736842105263,0.42105263157894735
declared,0.1794871794871795,0.15384615384615385,0.6666666666666666
declares,0.5,0.16666666666666666,0.3333333333333333
declaring,0.16666666666666666,0.3333333333333333,0.5
decline,0.4,0.4,0.2
declined,0.3888888888888889,0.2222222222222222,0.3888888888888889
declining,0.3076923076923077,0.23076923076923078,0.46153846153846156
decorum,0.3333333333333333,0.3333333333333333,0.3333333333333333
deemed,0.5,0.375,0.125
deeper,0.2857142857142857,0.2857142857142857,0.42857142857142855
defence,0.3333333333333333,0.3333333333333333,0.3333333333333333
defended,0.3333333333333333,0.3333333333333333,0.3333333333333333
deference,0.2857142857142857,0.42857142857142855,0.2857142857142857
deficiencies,0.25,0.25,0.5
deficiency,0.375,0.125,0.5
deficient,0.35714285714285715,0.2857142857142857,0.35714285714285715
degree,0.5978260869565217,0.2608695652173913,0.14130434782608695
delayed,0.375,0.125,0.5
delicacy,0.5333333333333333,0.13333333333333333,0.3333333333333333
delicate,0.45,0.15,0.4
delighted,0.4264705882352941,0.27941176470588236,0.29411764705882354
delightful,0.6129032258064516,0.11290322580645161,0.27419354838709675
delivered,0.25,0.125,0.625
denoted,0.3333333333333333,0.3333333333333333,0.3333333333333333
depended,0.38095238095238093,0.19047619047619047,0.42857142857142855
dependence,0.47619047619047616,0.19047619047619047,0.3333333333333333
dependent,0.3333333333333333,0.2222222222222222,0.4444444444444444
depending,0.25,0.25,0.5
deprived,0.2,0.2,0.6
derived,0.25,0.25,0.5
describe,0.5333333333333333,0.06666666666666667,0.4
described,0.23529411764705882,0.29411764705882354,0.47058823529411764
describing,0.5,0.25,0.25
description,0.24,0.64,0.12
deserted,0.25,0.625,0.125
deserve,0.6451612903225806,0.0967741935483871,0.25806451612903225
deserved,0.4,0.32,0.28
deserving,0.4,0.4,0.2
desirable,0.4857142857142857,0.34285714285714286,0.17142857142857143
desire,0.029411764705882353,0.2647058823529412,0.7058823529411765
desired,0.631578947368421,0.10526315789473684,0.2631578947368421
desirous,0.15384615384615385,0.15384615384615385,0.6923076923076923
despair,0.5,0.125,0.375
desperate,0.3333333333333333,0.16666666666666666,0.5
destination,0.4,0.4,0.2
destroyed,0.2222222222222222,0.4444444444444444,0.3333333333333333
detail,0.4,0.2,0.4
detected,0.6,0.2,0.2
determine,0.2857142857142857,0.07142857142857142,0.6428571428571429
determined,0.3130434782608696,0.28695652173913044,0.4
devoted,0.45454545454545453,0.18181818181818182,0.36363636363636365
dictate,0.2,0.4,0.4
difference,0.47619047619047616,0.2222222222222222,0.30158730158730157
different,0.40625,0.2708333333333333,0.3229166666666667
differently,0.4583333333333333,0.4583333333333333,0.08333333333333333
difficult,0.4117647058823529,0.29411764705882354,0.29411764705882354
difficulties,0.3695652173913043,0.2608695652173913,0.3695652173913043
difficulty,0.5454545454545454,0.12727272727272726,0.32727272727272727
dignified,0.3333333333333333,0.16666666666666666,0.5
diningroom,0.5555555555555556,0.2222222222222222,0.2222222222222222
directed,0.5,0.16666666666666666,0.3333333333333333
direction,0.2222222222222222,0.4074074074074074,0.37037037037037035
directions,0.5714285714285714,0.2857142857142857,0.14285714285714285
disagreeable,0.75,0.16666666666666666,0.08333333333333333
disagreement,0.6,0.2,0.2
disappointed,0.43902439024390244,0.14634146341463414,0.4146341463414634
disappointment,0.4,0.08888888888888889,0.5111111111111111
disappointments,0.2857142857142857,0.2857142857142857,0.42857142857142855
disapprobation,0.2,0.6,0.2
discerning,0.25,0.5,0.25
discourse,0.08695652173913043,0.08695652173913043,0.8260869565217391
discovered,0.3333333333333333,0.08333333333333333,0.5833333333333334
discovery,0.47058823529411764,0.11764705882352941,0.4117647058823529
discreet,0.6,0.2,0.2
discretion,0.3076923076923077,0.23076923076923078,0.46153846153846156
discussion,0.4166666666666667,0.25,0.3333333333333333
disgrace,0.2222222222222222,0.2222222222222222,0.5555555555555556
disgusting,0.4,0.2,0.4
disinclination,0.4,0.2,0.4
disinterested,0.4,0.4,0.2
dislike,0.53125,0.09375,0.375
disliked,0.25,0.25,0.5
disordered,0.25,0.5,0.25
dispose,0.16666666666666666,0.16666666666666666,0.6666666666666666
disposed,0.37254901960784315,0.3333333333333333,0.29411764705882354
disposition,0.46153846153846156,0.1346153846153846,0.40384615384615385
dissipated,0.4,0.2,0.4
dissuade,0.375,0.25,0.375
distance,0.5333333333333333,0.2,0.26666666666666666
distinction,0.5625,0.1875,0.25
distinguish,0.16666666666666666,0.5,0.3333333333333333
distinguished,0.2,0.5333333333333333,0.26666666666666666
distressed,0.25,0.375,0.375
distresses,0.16666666666666666,0.16666666666666666,0.6666666666666666
distressing,0.5384615384615384,0.3076923076923077,0.15384615384615385
disturbed,0.5,0.08333333333333333,0.4166666666666667
divide,0.25,0.25,0.5
divided,0.21052631578947367,0.47368421052631576,0.3157894736842105
division,0.5,0.3333333333333333,0.16666666666666666
domestic,0.2692307692307692,0.4230769230769231,0.3076923076923077
doubted,0.47058823529411764,0.058823529411764705,0.47058823529411764
doubtful,0.5294117647058824,0.23529411764705882,0.23529411764705882
doubtingly,0.3333333333333333,0.3333333333333333,0.3333333333333333
drawingroom,0.3888888888888889,0.25,0.3611111111111111
dreaded,0.25,0.25,0.5
dreadful,0.42105263157894735,0.23684210526315788,0.34210526315789475
dreadfully,0.5714285714285714,0.21428571428571427,0.21428571428571427
duties,0.2727272727272727,0.36363636363636365,0.36363636363636365
eager,0.38,0.22,0.4
eagerly,0.34375,0.21875,0.4375
eagerness,0.36,0.2,0.44
earlier,0.3888888888888889,0.4444444444444444,0.16666666666666666
earliest,0.1111111111111111,0.4444444444444444,0.4444444444444444
earnest,0.21621621621621623,0.16216216216216217,0.6216216216216216
earnestly,0.4,0.16666666666666666,0.43333333333333335
earnestness,0.25,0.08333333333333333,0.6666666666666666
ease,0.4318181818181818,0.18181818181818182,0.38636363636363635
easily,0.2916666666666667,0.125,0.5833333333333334
education,0.4838709677419355,0.1935483870967742,0.3225806451612903
efficacy,0.25,0.5,0.25
either,0.4696969696969697,0.2727272727272727,0.25757575757575757
elegance,0.35,0.175,0.475
elegant,0.5681818181818182,0.25,0.18181818181818182
eligible,0.3333333333333333,0.08333333333333333,0.5833333333333334
elsewhere,0.2,0.2,0.6
embarrassed,0.25,0.5,0.25
embarrassment,0.3333333333333333,0.13333333333333333,0.5333333333333333
emotion,0.09375,0.25,0.65625
employed,0.36,0.2,0.44
employment,0.37037037037037035,0.14814814814814814,0.48148148148148145
enabled,0.14285714285714285,0.42857142857142855,0.42857142857142855
encouraged,0.4444444444444444,0.2222222222222222,0.3333333333333333
encouragement,0.5588235294117647,0.029411764705882353,0.4117647058823529
encouraging,0.4090909090909091,0.18181818181818182,0.4090909090909091
endeavour,0.6086956521739131,0.13043478260869565,0.2608695652173913
endeavoured,0.2857142857142857,0.21428571428571427,0.5
endeavouring,0.21428571428571427,0.07142857142857142,0.7142857142857143
endeavours,0.25,0.25,0.5
endure,0.65,0.2,0.15
endured,0.7777777777777778,0.1111111111111111,0.1111111111111111
engage,0.28,0.12,0.6
engaged,0.3655913978494624,0.20430107526881722,0.43010752688172044
engagement,0.25,0.20689655172413793,0.5431034482758621
engagements,0.37037037037037035,0.1111111111111111,0.5185185185185185
engaging,0.4,0.2,0.4
engrossed,0.25,0.375,0.375
enjoyed,0.46153846153846156,0.23076923076923078,0.3076923076923077
enjoying,0.5,0.125,0.375
enjoyment,0.4,0.23636363636363636,0.36363636363636365
enjoyments,0.5,0.3333333333333333,0.16666666666666666
enough,0.42033898305084744,0.24067796610169492,0.3389830508474576
enquired,0.16666666666666666,0.6666666666666666,0.16666666666666666
enquiring,0.2,0.4,0.4
entered,0.3380281690140845,0.11267605633802817,0.5492957746478874
entering,0.36363636363636365,0.3181818181818182,0.3181818181818182
entertain,0.5714285714285714,0.2857142857142857,0.14285714285714285
entertained,0.42857142857142855,0.2857142857142857,0.2857142857142857
entertainment,0.75,0.125,0.125
entire,0.6666666666666666,0.16666666666666666,0.16666666666666666
entirely,0.37894736842105264,0.17894736842105263,0.4421052631578947
entitled,0.42857142857142855,0.42857142857142855,0.14285714285714285
entrance,0.17857142857142858,0.17857142857142858,0.6428571428571429
entreated,0.4,0.4,0.2
entreaties,0.4,0.13333333333333333,0.4666666666666667
equal,0.5656565656565656,0.2222222222222222,0.21212121212121213
equality,0.6666666666666666,0.16666666666666666,0.16666666666666666
equalled,0.5,0.25,0.25
equally,0.26865671641791045,0.13432835820895522,0.5970149253731343
equals,0.3333333333333333,0.3333333333333333,0.3333333333333333
escape,0.45161290322580644,0.2903225806451613,0.25806451612903225
escaped,0.3888888888888889,0.2222222222222222,0.3888888888888889
especially,0.41509433962264153,0.24528301886792453,0.33962264150943394
essential,0.2727272727272727,0.5454545454545454,0.18181818181818182
established,0.29411764705882354,0.23529411764705882,0.47058823529411764
establishment,0.4375,0.125,0.4375
estate,0.10714285714285714,0.21428571428571427,0.6785714285714286
esteem,0.125,0.125,0.75
esteemed,0.42857142857142855,0.2857142857142857,0.2857142857142857
estimable,0.3333333333333333,0.3333333333333333,0.3333333333333333
estimate,0.2857142857142857,0.5714285714285714,0.14285714285714285
estimation,0.375,0.125,0.5
eternal,0.5,0.25,0.25
evening,0.4742268041237113,0.27835051546391754,0.24742268041237114
evenings,0.5,0.2,0.3
eventually,0.25,0.25,0.5
evident,0.27586206896551724,0.3448275862068966,0.3793103448275862
evidently,0.5,0.38461538461538464,0.11538461538461539
examination,0.14285714285714285,0.14285714285714285,0.7142857142857143
examine,0.2857142857142857,0.14285714285714285,0.5714285714285714
examined,0.2857142857142857,0.42857142857142855,0.2857142857142857
example,0.4444444444444444,0.2222222222222222,0.3333333333333333
exceed,0.5714285714285714,0.2857142857142857,0.14285714285714285
exceeding,0.2,0.2,0.6
exceedingly,0.22448979591836735,0.24489795918367346,0.5306122448979592
excellence,0.5,0.3,0.2
excellent,0.4925373134328358,0.3283582089552239,0.1791044776119403
excepting,0.5416666666666666,0.4166666666666667,0.041666666666666664
excessive,0.3333333333333333,0.1111111111111111,0.5555555555555556
excessively,0.44,0.28,0.28
exchange,0.125,0.125,0.75
exchanged,0.3333333333333333,0.3333333333333333,0.3333333333333333
excite,0.21428571428571427,0.6428571428571429,0.14285714285714285
excited,0.3157894736842105,0.3684210526315789,0.3157894736842105
exclaim,0.75,0.125,0.125
exclaimed,0.36666666666666664,0.26666666666666666,0.36666666666666664
exclaiming,0.5714285714285714,0.2857142857142857,0.14285714285714285
exclamation,0.375,0.125,0.5
excuse,0.54,0.14,0.32
excused,0.3333333333333333,0.3333333333333333,0.3333333333333333
excuses,0.8,0.1,0.1
exercise,0.7083333333333334,0.08333333333333333,0.20833333333333334
exerted,0.2,0.4,0.4
exertion,0.17647058823529413,0.23529411764705882,0.5882352941176471
exertions,0.46153846153846156,0.3076923076923077,0.23076923076923078
existed,0.25,0.25,0.5
existence,0.3125,0.1875,0.5
expectation,0.3181818181818182,0.09090909090909091,0.5909090909090909
expectations,0.36363636363636365,0.18181818181818182,0.45454545454545453
expected,0.4105263157894737,0.18947368421052632,0.4
expecting,0.6,0.15,0.25
expedient,0.16666666666666666,0.16666666666666666,0.6666666666666666
expense,0.3181818181818182,0.09090909090909091,0.5909090909090909
expenses,0.09090909090909091,0.2727272727272727,0.6363636363636364
experience,0.3076923076923077,0.38461538461538464,0.3076923076923077
experienced,0.16666666666666666,0.16666666666666666,0.6666666666666666
explain,0.1875,0.3125,0.5
explained,0.17647058823529413,0.23529411764705882,0.5882352941176471
explanation,0.4375,0.1875,0.375
explanations,0.5,0.16666666666666666,0.3333333333333333
expose,0.625,0.125,0.25
exposed,0.36363636363636365,0.18181818181818182,0.45454545454545453
expressed,0.26666666666666666,0.23333333333333334,0.5
expressing,0.6666666666666666,0.08333333333333333,0.25
expression,0.3103448275862069,0.2413793103448276,0.4482758620689655
expressions,0.5333333333333333,0.26666666666666666,0.2
expressive,0.3333333333333333,0.16666666666666666,0.5
exquisite,0.4444444444444444,0.3333333333333333,0.2222222222222222
extended,0.14285714285714285,0.14285714285714285,0.7142857142857143
extensive,0.4444444444444444,0.2222222222222222,0.3333333333333333
extraordinary,0.5,0.29545454545454547,0.20454545454545456
extravagance,0.4,0.2,0.4
extravagant,0.16666666666666666,0.3333333333333333,0.5
extreme,0.6111111111111112,0.16666666666666666,0.2222222222222222
extremely,0.6847826086956522,0.17391304347826086,0.14130434782608695
exultation,0.4,0.2,0.4
failed,0.5,0.3333333333333333,0.16666666666666666
failure,0.5,0.25,0.25
faithful,0.5,0.25,0.25
familiar,0.6,0.2,0.2
families,0.5,0.36363636363636365,0.13636363636363635
famous,0.6,0.2,0.2
fancied,0.3103448275862069,0.3448275862068966,0.3448275862068966
fashion,0.38461538461538464,0.23076923076923078,0.38461538461538464
fashionable,0.16666666666666666,0.5,0.3333333333333333
fashioned,0.16666666666666666,0.5,0.3333333333333333
fastidious,0.2,0.4,0.4
fatigue,0.1111111111111111,0.2222222222222222,0.6666666666666666
fatigued,0.5714285714285714,0.14285714285714285,0.2857142857142857
fatigues,0.4,0.2,0.4
favour,0.36231884057971014,0.2463768115942029,0.391304347826087
favourable,0.5652173913043478,0.17391304347826086,0.2608695652173913
favourite,0.4074074074074074,0.14814814814814814,0.4444444444444444
feared,0.36666666666666664,0.2,0.43333333333333335
fearful,0.35714285714285715,0.21428571428571427,0.42857142857142855
feature,0.7142857142857143,0.14285714285714285,0.14285714285714285
features,0.3333333333333333,0.42857142857142855,0.23809523809523808
february,0.4666666666666667,0.13333333333333333,0.4
feebleness,0.25,0.25,0.5
feeling,0.46956521739130436,0.3130434782608696,0.21739130434782608
feelingly,0.5,0.16666666666666666,0.3333333333333333
feelings,0.4024390243902439,0.3048780487804878,0.2926829268292683
felicity,0.45454545454545453,0.3181818181818182,0.22727272727272727
female,0.6363636363636364,0.2727272727272727,0.09090909090909091
females,0.4,0.4,0.2
figure,0.4,0.2,0.4
finished,0.46153846153846156,0.07692307692307693,0.46153846153846156
finishing,0.25,0.25,0.5
flattered,0.3076923076923077,0.3076923076923077,0.38461538461538464
flattering,0.3333333333333333,0.1111111111111111,0.5555555555555556
followed,0.47540983606557374,0.2459016393442623,0.2786885245901639
following,0.42424242424242425,0.2727272727272727,0.30303030303030304
foolish,0.5625,0.125,0.3125
footsteps,0.3333333333333333,0.3333333333333333,0.3333333333333333
forbearance,0.5714285714285714,0.14285714285714285,0.2857142857142857
foresaw,0.6,0.2,0.2
foresee,0.3333333333333333,0.2222222222222222,0.4444444444444444
foreseeing,0.4,0.4,0.2
foreseen,0.6,0.2,0.2
foretold,0.25,0.25,0.5
forgetting,0.7,0.2,0.1
forgive,0.3333333333333333,0.1111111111111111,0.5555555555555556
forgiven,0.2631578947368421,0.21052631578947367,0.5263157894736842
forgotten,0.5454545454545454,0.2727272727272727,0.18181818181818182
formidable,0.5,0.16666666666666666,0.3333333333333333
fortitude,0.2,0.3,0.5
fortunate,0.8,0.06666666666666667,0.13333333333333333
fortunately,0.3333333333333333,0.1111111111111111,0.5555555555555556
fortune,0.32323232323232326,0.29292929292929293,0.3838383838383838
fourteen,0.2,0.6,0.2
freedom,0.42857142857142855,0.14285714285714285,0.42857142857142855
frequent,0.4,0.15,0.45
frequently,0.34782608695652173,0.043478260869565216,0.6086956521739131
friendliness,0.42857142857142855,0.2857142857142857,0.2857142857142857
friendship,0.423728813559322,0.23728813559322035,0.3389830508474576
frightened,0.631578947368421,0.10526315789473684,0.2631578947368421
fruitless,0.3333333333333333,0.3333333333333333,0.3333333333333333
furnished,0.5,0.25,0.25
furniture,0.10526315789473684,0.42105263157894735,0.47368421052631576
future,0.2807017543859649,0.24561403508771928,0.47368421052631576
gaiety,0.3333333333333333,0.16666666666666666,0.5
gained,0.20833333333333334,0.16666666666666666,0.625
gaining,0.3333333333333333,0.16666666666666666,0.5
general,0.41830065359477125,0.2222222222222222,0.35947712418300654
generally,0.46153846153846156,0.34615384615384615,0.19230769230769232
generosity,0.3333333333333333,0.16666666666666666,0.5
generous,0.36363636363636365,0.18181818181818182,0.45454545454545453
genius,0.2857142857142857,0.14285714285714285,0.5714285714285714
genteel,0.2857142857142857,0.14285714285714285,0.5714285714285714
gentleman,0.3026315789473684,0.35526315789473684,0.34210526315789475
gentlemanlike,0.5833333333333334,0.16666666666666666,0.25
gentlemans,0.5625,0.3125,0.125
gentlemen,0.5675675675675675,0.2972972972972973,0.13513513513513514
gentleness,0.23076923076923078,0.38461538461538464,0.38461538461538464
gloried,0.25,0.5,0.25
goodbreeding,0.3333333333333333,0.16666666666666666,0.5
goodhearted,0.2,0.2,0.6
goodhumoured,0.5,0.2857142857142857,0.21428571428571427
goodnatured,0.4375,0.125,0.4375
goodness,0.35294117647058826,0.23529411764705882,0.4117647058823529
goodwill,0.6,0.2,0.2
governed,0.2857142857142857,0.14285714285714285,0.5714285714285714
graceful,0.4444444444444444,0.1111111111111111,0.4444444444444444
graciousness,0.3333333333333333,0.16666666666666666,0.5
gradually,0.5,0.4,0.1
grandeur,0.3333333333333333,0.3333333333333333,0.3333333333333333
grateful,0.45161290322580644,0.12903225806451613,0.41935483870967744
gratefully,0.5,0.1,0.4
gratification,0.09090909090909091,0.7272727272727273,0.18181818181818182
gratifying,0.36363636363636365,0.09090909090909091,0.5454545454545454
gratitude,0.5178571428571429,0.17857142857142858,0.30357142857142855
greater,0.37037037037037035,0.16049382716049382,0.4691358024691358
greatest,0.4461538461538462,0.12307692307692308,0.4307692307692308
grievance,0.5,0.25,0.25
grieved,0.5333333333333333,0.3333333333333333,0.13333333333333333
guarded,0.5,0.16666666666666666,0.3333333333333333
guessed,0.5384615384615384,0.15384615384615385,0.3076923076923077
guidance,0.2,0.6,0.2
guide,0.4,0.4,0.2
guided,0.42857142857142855,0.21428571428571427,0.35714285714285715
handsome,0.43037974683544306,0.24050632911392406,0.3291139240506329
handsomely,0.6666666666666666,0.16666666666666666,0.16666666666666666
handsomest,0.5,0.16666666666666666,0.3333333333333333
handwriting,0.5714285714285714,0.14285714285714285,0.2857142857142857
happened,0.39705882352941174,0.16176470588235295,0.4411764705882353
happening,0.5,0.375,0.125
happier,0.45454545454545453,0.22727272727272727,0.3181818181818182
happiest,0.3333333333333333,0.3333333333333333,0.3333333333333333
happiness,0.4444444444444444,0.1871345029239766,0.3684210526315789
hardened,0.14285714285714285,0.2857142857142857,0.5714285714285714
hazarded,0.5,0.25,0.25
headache,0.6666666666666666,0.16666666666666666,0.16666666666666666
hearing,0.4189189189189189,0.21621621621621623,0.36486486486486486
heartily,0.3,0.1,0.6
heaven,0.2857142857142857,0.35714285714285715,0.35714285714285715
heavens,0.1111111111111111,0.4444444444444444,0.4444444444444444
heightened,0.16666666666666666,0.3333333333333333,0.5
hereafter,0.21428571428571427,0.35714285714285715,0.42857142857142855
heroism,0.5,0.25,0.25
hesitated,0.375,0.25,0.375
hesitatingly,0.4,0.2,0.4
hesitation,0.5625,0.125,0.3125
hitherto,0.4444444444444444,0.1111111111111111,0.4444444444444444
holidays,0.14285714285714285,0.5714285714285714,0.2857142857142857
honour,0.42857142857142855,0.25,0.32142857142857145
honourable,0.5263157894736842,0.2631578947368421,0.21052631578947367
honourably,0.3333333333333333,0.3333333333333333,0.3333333333333333
honoured,0.4166666666666667,0.25,0.3333333333333333
honours,0.1111111111111111,0.7777777777777778,0.1111111111111111
horrible,0.5555555555555556,0.1111111111111111,0.3333333333333333
hospitable,0.16666666666666666,0.6666666666666666,0.16666666666666666
hospitality,0.42857142857142855,0.42857142857142855,0.14285714285714285
house,0.27300613496932513,0.27300613496932513,0.4539877300613497
housekeepers,0.3333333333333333,0.3333333333333333,0.3333333333333333
housekeeping,0.25,0.25,0.5
housemaid,0.2,0.2,0.6
houses,0.42105263157894735,0.3157894736842105,0.2631578947368421
however,0.33879781420765026,0.24316939890710382,0.4180327868852459
humour,0.35714285714285715,0.32142857142857145,0.32142857142857145
hurried,0.32,0.24,0.44
idea,0.6037735849056604,0.25157232704402516,0.14465408805031446
ideas,0.4166666666666667,0.2777777777777778,0.3055555555555556
ignorance,0.21052631578947367,0.15789473684210525,0.631578947368421
ignorant,0.5625,0.125,0.3125
illdisposed,0.16666666666666666,0.16666666666666666,0.6666666666666666
illiberal,0.25,0.25,0.5
illjudged,0.3333333333333333,0.16666666666666666,0.5
image,0.3333333333333333,0.3333333333333333,0.3333333333333333
imaginary,0.4444444444444444,0.2222222222222222,0.3333333333333333
imagination,0.4642857142857143,0.10714285714285714,0.42857142857142855
imaginations,0.4,0.4,0.2
imagine,0.6206896551724138,0.20689655172413793,0.1724137931034483
imagined,0.5277777777777778,0.25,0.2222222222222222
imagining,0.4,0.2,0.4
immediate,0.3111111111111111,0.17777777777777778,0.5111111111111111
immediately,0.40476190476190477,0.17261904761904762,0.4226190476190476
impatience,0.38461538461538464,0.15384615384615385,0.46153846153846156
impatient,0.4444444444444444,0.2222222222222222,0.3333333333333333
imperfection,0.5,0.25,0.25
implied,0.4,0.3,0.3
importance,0.3333333333333333,0.2777777777777778,0.3888888888888889
important,0.4722222222222222,0.19444444444444445,0.3333333333333333
impose,0.3333333333333333,0.3333333333333333,0.3333333333333333
impossibility,0.3333333333333333,0.2222222222222222,0.4444444444444444
impossible,0.41379310344827586,0.1724137931034483,0.41379310344827586
impression,0.3181818181818182,0.36363636363636365,0.3181818181818182
improve,0.4666666666666667,0.26666666666666666,0.26666666666666666
improved,0.18181818181818182,0.5909090909090909,0.22727272727272727
improvement,0.375,0.2916666666666667,0.3333333333333333
improving,0.1111111111111111,0.2222222222222222,0.6666666666666666
imprudence,0.16666666666666666,0.2222222222222222,0.6111111111111112
imprudent,0.5,0.25,0.25
impulse,0.14285714285714285,0.42857142857142855,0.42857142857142855
incapable,0.2857142857142857,0.14285714285714285,0.5714285714285714
incessant,0.7142857142857143,0.14285714285714285,0.14285714285714285
inclination,0.42857142857142855,0.22448979591836735,0.3469387755102041
inclined,0.3333333333333333,0.2777777777777778,0.3888888888888889
included,0.45454545454545453,0.45454545454545453,0.09090909090909091
including,0.6,0.2,0.2
income,0.24324324324324326,0.13513513513513514,0.6216216216216216
incommoded,0.5,0.25,0.25
incompatible,0.3333333333333333,0.3333333333333333,0.3333333333333333
incomprehensible,0.25,0.25,0.5
inconstancy,0.2222222222222222,0.1111111111111111,0.6666666666666666
inconvenience,0.35714285714285715,0.14285714285714285,0.5
inconvenient,0.125,0.75,0.125
increase,0.43333333333333335,0.16666666666666666,0.4
increased,0.34285714285714286,0.22857142857142856,0.42857142857142855
increasing,0.5294117647058824,0.17647058823529413,0.29411764705882354
incumbent,0.2857142857142857,0.14285714285714285,0.5714285714285714
indecision,0.25,0.25,0.5
indeed,0.5248447204968945,0.1956521739130435,0.2795031055900621
independence,0.43478260869565216,0.2608695652173913,0.30434782608695654
independent,0.5,0.1111111111111111,0.3888888888888889
indifference,0.32558139534883723,0.23255813953488372,0.4418604651162791
indifferent,0.4146341463414634,0.21951219512195122,0.36585365853658536
indignant,0.3333333333333333,0.16666666666666666,0.5
indignantly,0.3333333333333333,0.3333333333333333,0.3333333333333333
indignation,0.35,0.15,0.5
indispensable,0.42857142857142855,0.14285714285714285,0.42857142857142855
indisposed,0.375,0.125,0.5
indisposition,0.16666666666666666,0.25,0.5833333333333334
individual,0.5,0.25,0.25
indubitable,0.6666666666666666,0.16666666666666666,0.16666666666666666
induce,0.7,0.2,0.1
induced,0.5217391304347826,0.2608695652173913,0.21739130434782608
inducement,0.5714285714285714,0.14285714285714285,0.2857142857142857
indulge,0.6363636363636364,0.09090909090909091,0.2727272727272727
indulged,0.4444444444444444,0.1111111111111111,0.4444444444444444
indulgence,0.36363636363636365,0.45454545454545453,0.18181818181818182
inevitable,0.3076923076923077,0.15384615384615385,0.5384615384615384
inevitably,0.25,0.375,0.375
inexcusable,0.25,0.25,0.5
infatuation,0.5,0.25,0.25
inferior,0.5517241379310345,0.3103448275862069,0.13793103448275862
inferiority,0.5555555555555556,0.2222222222222222,0.2222222222222222
infinitely,0.56,0.28,0.16
inflicting,0.3333333333333333,0.3333333333333333,0.3333333333333333
influence,0.4,0.3333333333333333,0.26666666666666666
influenced,0.2222222222222222,0.5555555555555556,0.2222222222222222
information,0.4523809523809524,0.14285714285714285,0.40476190476190477
informed,0.11764705882352941,0.17647058823529413,0.7058823529411765
ingenious,0.5,0.25,0.25
ingenuity,0.5,0.25,0.25
ingratitude,0.5,0.16666666666666666,0.3333333333333333
inheriting,0.3333333333333333,0.3333333333333333,0.3333333333333333
injured,0.25,0.0625,0.6875
injuries,0.25,0.25,0.5
injustice,0.3333333333333333,0.25,0.4166666666666667
inquired,0.25,0.25,0.5
inquiries,0.4,0.05,0.55
inquiry,0.36363636363636365,0.030303030303030304,0.6060606060606061
insensibility,0.5,0.25,0.25
insensible,0.2857142857142857,0.21428571428571427,0.5
insipid,0.25,0.25,0.5
insisted,0.2857142857142857,0.14285714285714285,0.5714285714285714
insolence,0.3333333333333333,0.16666666666666666,0.5
inspire,0.25,0.25,0.5
inspired,0.3333333333333333,0.3333333333333333,0.3333333333333333
instance,0.47368421052631576,0.15789473684210525,0.3684210526315789
instead,0.4716981132075472,0.2830188679245283,0.24528301886792453
instruction,0.25,0.25,0.5
instrument,0.7,0.06666666666666667,0.23333333333333334
insufficient,0.25,0.25,0.5
insulted,0.3333333333333333,0.3333333333333333,0.3333333333333333
integrity,0.14285714285714285,0.14285714285714285,0.7142857142857143
intelligence,0.34285714285714286,0.17142857142857143,0.4857142857142857
intelligent,0.4444444444444444,0.4444444444444444,0.1111111111111111
intelligible,0.7333333333333333,0.2,0.06666666666666667
intended,0.4444444444444444,0.19444444444444445,0.3611111111111111
intending,0.5,0.125,0.375
intention,0.35,0.35,0.3
intercourse,0.5,0.4583333333333333,0.041666666666666664
interest,0.3484848484848485,0.32575757575757575,0.32575757575757575
interested,0.5,0.10714285714285714,0.39285714285714285
interesting,0.5172413793103449,0.22413793103448276,0.25862068965517243
interests,0.4,0.4,0.2
interference,0.5333333333333333,0.4,0.06666666666666667
interposed,0.25,0.25,0.5
interrupted,0.391304347826087,0.34782608695652173,0.2608695652173913
interrupting,0.3333333333333333,0.3333333333333333,0.3333333333333333
interruption,0.4,0.2,0.4
interval,0.2777777777777778,0.5,0.2222222222222222
intervals,0.1111111111111111,0.5555555555555556,0.3333333333333333
interview,0.2857142857142857,0.42857142857142855,0.2857142857142857
intimacy,0.525,0.225,0.25
intimate,0.27586206896551724,0.3103448275862069,0.41379310344827586
intimately,0.1111111111111111,0.4444444444444444,0.4444444444444444
introduce,0.5333333333333333,0.13333333333333333,0.3333333333333333
introduced,0.25806451612903225,0.45161290322580644,0.2903225806451613
introducing,0.625,0.125,0.25
introduction,0.47058823529411764,0.35294117647058826,0.17647058823529413
invalid,0.5,0.375,0.125
invaluable,0.3333333333333333,0.3333333333333333,0.3333333333333333
invitation,0.3181818181818182,0.19696969696969696,0.48484848484848486
invitations,0.5,0.3333333333333333,0.16666666666666666
invite,0.7368421052631579,0.21052631578947367,0.05263157894736842
invited,0.38461538461538464,0.2564102564102564,0.358974358974359
inviting,0.3333333333333333,0.3333333333333333,0.3333333333333333
involve,0.2,0.6,0.2
involved,0.3333333333333333,0.3333333333333333,0.3333333333333333
irrational,0.3333333333333333,0.3333333333333333,0.3333333333333333
irresistible,0.36363636363636365,0.36363636363636365,0.2727272727272727
irresolute,0.4,0.4,0.2
irritable,0.25,0.25,0.5
irritation,0.5714285714285714,0.2857142857142857,0.14285714285714285
january,0.4166666666666667,0.08333333333333333,0.5
jealous,0.2,0.3333333333333333,0.4666666666666667
jealousy,0.4,0.5,0.1
joined,0.37777777777777777,0.2222222222222222,0.4
journey,0.2894736842105263,0.13157894736842105,0.5789473684210527
justice,0.45098039215686275,0.27450980392156865,0.27450980392156865
justified,0.4166666666666667,0.16666666666666666,0.4166666666666667
keeping,0.7333333333333333,0.2,0.06666666666666667
knowledge,0.34210526315789475,0.2894736842105263,0.3684210526315789
labour,0.6666666666666666,0.16666666666666666,0.16666666666666666
ladies,0.42718446601941745,0.2524271844660194,0.32038834951456313
lamenting,0.4,0.4,0.2
language,0.36,0.24,0.4
laughed,0.42424242424242425,0.09090909090909091,0.48484848484848486
laughing,0.5,0.21875,0.28125
leading,0.5,0.3125,0.1875
leaning,0.14285714285714285,0.2857142857142857,0.5714285714285714
learned,0.2222222222222222,0.4444444444444444,0.3333333333333333
leave,0.3503184713375796,0.2802547770700637,0.36942675159235666
leaves,0.16666666666666666,0.3333333333333333,0.5
leaving,0.23255813953488372,0.27906976744186046,0.4883720930232558
leisure,0.41379310344827586,0.13793103448275862,0.4482758620689655
lessened,0.2222222222222222,0.5555555555555556,0.2222222222222222
lessening,0.14285714285714285,0.7142857142857143,0.14285714285714285
liable,0.5,0.3333333333333333,0.16666666666666666
liberal,0.5294117647058824,0.11764705882352941,0.35294117647058826
liberality,0.18181818181818182,0.2727272727272727,0.5454545454545454
likelihood,0.4,0.2,0.4
likeness,0.9090909090909091,0.045454545454545456,0.045454545454545456
likewise,0.12903225806451613,0.06451612903225806,0.8064516129032258
limited,0.42857142857142855,0.2857142857142857,0.2857142857142857
lingering,0.2,0.4,0.4
listened,0.375,0.4,0.225
listener,0.25,0.5,0.25
listening,0.2916666666666667,0.375,0.3333333333333333
looked,0.4690721649484536,0.21649484536082475,0.31443298969072164
looking,0.5535714285714286,0.26785714285714285,0.17857142857142858
lowering,0.2,0.2,0.6
maintained,0.2727272727272727,0.18181818181818182,0.5454545454545454
maintenance,0.4,0.2,0.4
manage,0.7142857142857143,0.14285714285714285,0.14285714285714285
management,0.3333333333333333,0.3333333333333333,0.3333333333333333
mansion,0.2,0.6,0.2
marriage,0.3238095238095238,0.2571428571428571,0.41904761904761906
marriages,0.2,0.4,0.4
married,0.37815126050420167,0.20168067226890757,0.42016806722689076
material,0.4,0.2,0.4
materially,0.3076923076923077,0.15384615384615385,0.5384615384615384
matrimony,0.7272727272727273,0.09090909090909091,0.18181818181818182
meaning,0.5517241379310345,0.25862068965517243,0.1896551724137931
meanwhile,0.75,0.125,0.125
measure,0.4375,0.125,0.4375
measures,0.2,0.4,0.4
mechanically,0.3333333333333333,0.3333333333333333,0.3333333333333333
medicine,0.3333333333333333,0.3333333333333333,0.3333333333333333
medium,0.5,0.25,0.25
meeting,0.4642857142857143,0.25,0.2857142857142857
meetings,0.5,0.3333333333333333,0.16666666666666666
melancholy,0.32432432432432434,0.10810810810810811,0.5675675675675675
mention,0.4222222222222222,0.26666666666666666,0.3111111111111111
mentioned,0.4482758620689655,0.22413793103448276,0.3275862068965517
mentioning,0.4166666666666667,0.25,0.3333333333333333
message,0.47619047619047616,0.14285714285714285,0.38095238095238093
michaelmas,0.125,0.375,0.5
minute,0.42857142857142855,0.22857142857142856,0.34285714285714286
minutes,0.42063492063492064,0.20634920634920634,0.373015873015873
mischievous,0.3333333333333333,0.3333333333333333,0.3333333333333333
misconduct,0.4444444444444444,0.1111111111111111,0.4444444444444444
miserable,0.47619047619047616,0.047619047619047616,0.47619047619047616
misfortune,0.4166666666666667,0.16666666666666666,0.4166666666666667
mistake,0.4827586206896552,0.1724137931034483,0.3448275862068966
mistaken,0.42,0.18,0.4
misunderstood,0.5,0.25,0.25
moderate,0.5454545454545454,0.09090909090909091,0.36363636363636365
moderation,0.4,0.2,0.4
momentary,0.35714285714285715,0.5,0.14285714285714285
morality,0.25,0.25,0.5
moreover,0.29411764705882354,0.35294117647058826,0.35294117647058826
mortified,0.7,0.1,0.2
mortifying,0.5555555555555556,0.2222222222222222,0.2222222222222222
motherinlaws,0.3333333333333333,0.3333333333333333,0.3333333333333333
motion,0.5,0.4,0.1
motive,0.3333333333333333,0.3333333333333333,0.3333333333333333
motives,0.42857142857142855,0.14285714285714285,0.42857142857142855
mourning,0.2222222222222222,0.6666666666666666,0.1111111111111111
musical,0.7,0.05,0.25
mutual,0.19230769230769232,0.23076923076923078,0.5769230769230769
narration,0.3333333333333333,0.16666666666666666,0.5
natural,0.5,0.20588235294117646,0.29411764705882354
naturally,0.42424242424242425,0.18181818181818182,0.3939393939393939
nature,0.43529411764705883,0.29411764705882354,0.27058823529411763
nearer,0.45,0.2,0.35
nearest,0.125,0.375,0.5
necessarily,0.5454545454545454,0.18181818181818182,0.2727272727272727
necessary,0.44871794871794873,0.1794871794871795,0.3717948717948718
necessity,0.2702702702702703,0.24324324324324326,0.4864864864864865
needed,0.2222222222222222,0.1111111111111111,0.6666666666666666
negative,0.25,0.5,0.25
neglected,0.42857142857142855,0.2857142857142857,0.2857142857142857
neighbour,0.6153846153846154,0.15384615384615385,0.23076923076923078
neighbourhood,0.35135135135135137,0.3783783783783784,0.2702702702702703
neighbours,0.56,0.32,0.12
neither,0.33962264150943394,0.2358490566037736,0.42452830188679247
nervous,0.5789473684210527,0.15789473684210525,0.2631578947368421
newspaper,0.125,0.25,0.625
nineteen,0.08333333333333333,0.5,0.4166666666666667
noise,0.29411764705882354,0.29411764705882354,0.4117647058823529
nonsense,0.8,0.16,0.04
nonsensical,0.25,0.5,0.25
notice,0.34782608695652173,0.2753623188405797,0.37681159420289856
noticed,0.16666666666666666,0.5,0.3333333333333333
noticing,0.6,0.2,0.2
notion,0.3125,0.0625,0.625
notions,0.35294117647058826,0.47058823529411764,0.17647058823529413
november,0.3333333333333333,0.6,0.06666666666666667
numerous,0.3333333333333333,0.2222222222222222,0.4444444444444444
objected,0.5,0.25,0.25
objection,0.4482758620689655,0.1724137931034483,0.3793103448275862
objections,0.3333333333333333,0.08333333333333333,0.5833333333333334
oblige,0.5,0.16666666666666666,0.3333333333333333
obliged,0.4966887417218543,0.1986754966887417,0.304635761589404
obliging,0.7894736842105263,0.15789473684210525,0.05263157894736842
observant,0.2857142857142857,0.42857142857142855,0.2857142857142857
observation,0.3333333333333333,0.2222222222222222,0.4444444444444444
observations,0.5,0.14285714285714285,0.35714285714285715
observe,0.5238095238095238,0.2619047619047619,0.21428571428571427
observed,0.38461538461538464,0.3269230769230769,0.28846153846153844
observing,0.2727272727272727,0.36363636363636365,0.36363636363636365
obstinate,0.3333333333333333,0.3333333333333333,0.3333333333333333
obtaining,0.3333333333333333,0.3333333333333333,0.3333333333333333
occasion,0.4,0.18461538461538463,0.4153846153846154
occasional,0.3333333333333333,0.1111111111111111,0.5555555555555556
occasionally,0.38461538461538464,0.46153846153846156,0.15384615384615385
occasioned,0.36363636363636365,0.18181818181818182,0.45454545454545453
occasions,0.5833333333333334,0.16666666666666666,0.25
occupation,0.4,0.5,0.1
occupied,0.5172413793103449,0.41379310344827586,0.06896551724137931
occurred,0.4146341463414634,0.2682926829268293,0.3170731707317073
odious,0.6,0.2,0.2
offence,0.25,0.1,0.65
offended,0.25,0.08333333333333333,0.6666666666666666
offered,0.34782608695652173,0.21739130434782608,0.43478260869565216
offering,0.4117647058823529,0.29411764705882354,0.29411764705882354
office,0.3888888888888889,0.2777777777777778,0.3333333333333333
offices,0.18181818181818182,0.18181818181818182,0.6363636363636364
officious,0.3333333333333333,0.3333333333333333,0.3333333333333333
oftener,0.375,0.5,0.125
oldfashioned,0.5,0.25,0.25
opened,0.4444444444444444,0.2777777777777778,0.2777777777777778
opening,0.625,0.16666666666666666,0.20833333333333334
openness,0.25,0.3333333333333333,0.4166666666666667
opinion,0.44516129032258067,0.15483870967741936,0.4
opinions,0.2571428571428571,0.3142857142857143,0.42857142857142855
opportunities,0.3333333333333333,0.3333333333333333,0.3333333333333333
opportunity,0.3,0.21666666666666667,0.48333333333333334
oppose,0.38461538461538464,0.3076923076923077,0.3076923076923077
opposed,0.4444444444444444,0.2222222222222222,0.3333333333333333
opposite,0.5,0.42857142857142855,0.07142857142857142
opposition,0.09090909090909091,0.3181818181818182,0.5909090909090909
oppressed,0.1,0.2,0.7
oppression,0.2,0.2,0.6
ordered,0.6666666666666666,0.2,0.13333333333333333
origin,0.5,0.25,0.25
original,0.7142857142857143,0.14285714285714285,0.14285714285714285
otherwise,0.3584905660377358,0.16981132075471697,0.4716981132075472
ourselves,0.625,0.2916666666666667,0.08333333333333333
outlived,0.16666666666666666,0.3333333333333333,0.5
outward,0.45454545454545453,0.18181818181818182,0.36363636363636365
outwardly,0.3333333333333333,0.3333333333333333,0.3333333333333333
overcome,0.2857142857142857,0.14285714285714285,0.5714285714285714
overheard,0.5,0.25,0.25
overpowered,0.5454545454545454,0.18181818181818182,0.2727272727272727
overpowering,0.2,0.6,0.2
pained,0.1111111111111111,0.2222222222222222,0.6666666666666666
painful,0.13157894736842105,0.2631578947368421,0.6052631578947368
parlour,0.3333333333333333,0.14285714285714285,0.5238095238095238
partial,0.4666666666666667,0.06666666666666667,0.4666666666666667
partiality,0.125,0.25,0.625
particular,0.39805825242718446,0.1553398058252427,0.44660194174757284
particularity,0.3333333333333333,0.3333333333333333,0.3333333333333333
particularly,0.45,0.21,0.34
particulars,0.3333333333333333,0.16666666666666666,0.5
parties,0.4418604651162791,0.16279069767441862,0.3953488372093023
passage,0.5909090909090909,0.13636363636363635,0.2727272727272727
patience,0.55,0.2,0.25
patient,0.25,0.25,0.5
pause,0.2857142857142857,0.2571428571428571,0.45714285714285713
paused,0.45454545454545453,0.18181818181818182,0.36363636363636365
peace,0.44,0.4,0.16
peculiar,0.3684210526315789,0.2631578947368421,0.3684210526315789
peculiarly,0.7333333333333333,0.13333333333333333,0.13333333333333333
penetration,0.5,0.2,0.3
people,0.4972375690607735,0.20994475138121546,0.292817679558011
peoples,0.5,0.25,0.25
perceive,0.28,0.16,0.56
perceived,0.4166666666666667,0.08333333333333333,0.5
perceiving,0.3,0.1,0.6
perfection,0.6666666666666666,0.2,0.13333333333333333
performance,0.3684210526315789,0.21052631578947367,0.42105263157894735
period,0.45,0.375,0.175
permitted,0.5714285714285714,0.14285714285714285,0.2857142857142857
perpetual,0.4444444444444444,0.3333333333333333,0.2222222222222222
perplexed,0.25,0.25,0.5
perplexity,0.4,0.2,0.4
perseverance,0.5,0.25,0.25
persevered,0.5,0.25,0.25
persisting,0.5,0.25,0.25
personal,0.25925925925925924,0.48148148148148145,0.25925925925925924
personally,0.16666666666666666,0.16666666666666666,0.6666666666666666
persuade,0.4666666666666667,0.26666666666666666,0.26666666666666666
persuaded,0.5,0.23333333333333334,0.26666666666666666
persuading,0.45454545454545453,0.09090909090909091,0.45454545454545453
persuasion,0.36666666666666664,0.2,0.43333333333333335
pianoforte,0.625,0.0625,0.3125
picture,0.5128205128205128,0.20512820512820512,0.28205128205128205
pictures,0.4,0.4,0.2
piece,0.5909090909090909,0.18181818181818182,0.22727272727272727
pitiable,0.2857142857142857,0.14285714285714285,0.5714285714285714
pitied,0.2857142857142857,0.14285714285714285,0.5714285714285714
plague,0.5,0.25,0.25
pleasant,0.5757575757575758,0.19696969696969696,0.22727272727272727
pleasanter,0.3333333333333333,0.5,0.16666666666666666
pleasantest,0.6,0.2,0.2
pleasantly,0.5333333333333333,0.26666666666666666,0.2
please,0.6666666666666666,0.09803921568627451,0.23529411764705882
pleased,0.4639175257731959,0.20618556701030927,0.32989690721649484
pleasing,0.5116279069767442,0.23255813953488372,0.2558139534883721
pleasure,0.5229357798165137,0.1743119266055046,0.30275229357798167
pleasures,0.6428571428571429,0.21428571428571427,0.14285714285714285
poignant,0.5,0.25,0.25
pointedly,0.25,0.5,0.25
pointing,0.16666666666666666,0.6666666666666666,0.16666666666666666
polite,0.2,0.4,0.4
politeness,0.23076923076923078,0.23076923076923078,0.5384615384615384
portion,0.375,0.375,0.25
positive,0.26666666666666666,0.2,0.5333333333333333
positively,0.7692307692307693,0.07692307692307693,0.15384615384615385
possessed,0.3333333333333333,0.4444444444444444,0.2222222222222222
possession,0.22727272727272727,0.2727272727272727,0.5
possibility,0.42857142857142855,0.32142857142857145,0.25
possible,0.4659090909090909,0.2556818181818182,0.2784090909090909
powerful,0.5,0.4,0.1
practicable,0.42857142857142855,0.42857142857142855,0.14285714285714285
practice,0.3,0.3,0.4
practised,0.6,0.2,0.2
praise,0.5344827586206896,0.15517241379310345,0.3103448275862069
praised,0.625,0.25,0.125
praises,0.3333333333333333,0.3333333333333333,0.3333333333333333
precaution,0.25,0.25,0.5
preceded,0.3333333333333333,0.3333333333333333,0.3333333333333333
precious,0.47368421052631576,0.3157894736842105,0.21052631578947367
precisely,0.4666666666666667,0.4,0.13333333333333333
preferred,0.5882352941176471,0.29411764705882354,0.11764705882352941
prejudice,0.3333333333333333,0.3333333333333333,0.3333333333333333
prejudices,0.3333333333333333,0.3333333333333333,0.3333333333333333
preparation,0.42857142857142855,0.21428571428571427,0.35714285714285715
preparations,0.5,0.3333333333333333,0.16666666666666666
prepare,0.2857142857142857,0.2857142857142857,0.42857142857142855
prepared,0.5,0.1,0.4
preparing,0.3333333333333333,0.3333333333333333,0.3333333333333333
prepossession,0.25,0.25,0.5
prescribed,0.25,0.25,0.5
presence,0.17391304347826086,0.17391304347826086,0.6521739130434783
presented,0.21428571428571427,0.42857142857142855,0.35714285714285715
preserve,0.375,0.375,0.25
presume,0.7857142857142857,0.14285714285714285,0.07142857142857142
presumed,0.625,0.25,0.125
pretence,0.6923076923076923,0.15384615384615385,0.15384615384615385
pretended,0.25,0.5,0.25
pretensions,0.3333333333333333,0.3333333333333333,0.3333333333333333
prevail,0.4,0.1,0.5
prevailed,0.42857142857142855,0.21428571428571427,0.35714285714285715
prevented,0.3103448275862069,0.1724137931034483,0.5172413793103449
previous,0.6,0.2,0.2
previously,0.125,0.5,0.375
principal,0.42105263157894735,0.3684210526315789,0.21052631578947367
principally,0.4166666666666667,0.3333333333333333,0.25
principle,0.29411764705882354,0.4117647058823529,0.29411764705882354
principles,0.4,0.2,0.4
private,0.3870967741935484,0.1935483870967742,0.41935483870967744
privilege,0.45454545454545453,0.09090909090909091,0.45454545454545453
probabilities,0.3333333333333333,0.16666666666666666,0.5
probability,0.4444444444444444,0.1111111111111111,0.4444444444444444
probable,0.22727272727272727,0.2727272727272727,0.5
proceed,0.5,0.25,0.25
proceeded,0.46153846153846156,0.23076923076923078,0.3076923076923077
procure,0.36363636363636365,0.2727272727272727,0.36363636363636365
procuring,0.5,0.1,0.4
produce,0.45454545454545453,0.18181818181818182,0.36363636363636365
produced,0.28,0.2,0.52
producing,0.6666666666666666,0.16666666666666666,0.16666666666666666
professed,0.6,0.3,0.1
profession,0.10344827586206896,0.5172413793103449,0.3793103448275862
professions,0.46153846153846156,0.23076923076923078,0.3076923076923077
promise,0.4074074074074074,0.18518518518518517,0.4074074074074074
promised,0.4146341463414634,0.2926829268292683,0.2926829268292683
promises,0.5,0.25,0.25
promising,0.4166666666666667,0.16666666666666666,0.4166666666666667
promote,0.36363636363636365,0.18181818181818182,0.45454545454545453
promoted,0.5714285714285714,0.14285714285714285,0.2857142857142857
pronounced,0.3333333333333333,0.2222222222222222,0.4444444444444444
proportion,0.4444444444444444,0.1111111111111111,0.4444444444444444
proposal,0.5555555555555556,0.1111111111111111,0.3333333333333333
proposals,0.5,0.3333333333333333,0.16666666666666666
propose,0.5,0.4,0.1
proposed,0.56,0.28,0.16
propriety,0.2692307692307692,0.19230769230769232,0.5384615384615384
prosperity,0.3,0.5,0.2
prosperous,0.625,0.25,0.125
protection,0.2857142857142857,0.2857142857142857,0.42857142857142855
protested,0.3333333333333333,0.5,0.16666666666666666
provide,0.6666666666666666,0.16666666666666666,0.16666666666666666
provided,0.3333333333333333,0.2,0.4666666666666667
provocation,0.25,0.25,0.5
provoke,0.14285714285714285,0.2857142857142857,0.5714285714285714
provoked,0.5,0.16666666666666666,0.3333333333333333
prudence,0.35714285714285715,0.07142857142857142,0.5714285714285714
purchase,0.6,0.1,0.3
purpose,0.48936170212765956,0.1702127659574468,0.3404255319148936
pursue,0.3333333333333333,0.3333333333333333,0.3333333333333333
pursued,0.14285714285714285,0.42857142857142855,0.42857142857142855
pursuits,0.14285714285714285,0.42857142857142855,0.42857142857142855
qualified,0.4,0.4,0.2
quarrelled,0.6666666666666666,0.16666666666666666,0.16666666666666666
quarrelling,0.6,0.2,0.2
quarter,0.6,0.2,0.2
queen,0.3333333333333333,0.3333333333333333,0.3333333333333333
question,0.4431818181818182,0.25,0.3068181818181818
questions,0.6,0.15,0.25
quicker,0.16666666666666666,0.5,0.3333333333333333
quiet,0.43859649122807015,0.2631578947368421,0.2982456140350877
quietly,0.4090909090909091,0.4090909090909091,0.18181818181818182
quite,0.5741127348643006,0.23382045929018788,0.19206680584551147
quitted,0.2903225806451613,0.1935483870967742,0.5161290322580645
quitting,0.3333333333333333,0.4,0.26666666666666666
rained,0.16666666666666666,0.3333333333333333,0.5
raise,0.4583333333333333,0.08333333333333333,0.4583333333333333
raised,0.2608695652173913,0.21739130434782608,0.5217391304347826
raising,0.375,0.375,0.25
rapidity,0.3,0.3,0.4
raptures,0.4166666666666667,0.16666666666666666,0.4166666666666667
rational,0.6,0.23333333333333334,0.16666666666666666
rationally,0.4,0.2,0.4
reached,0.2909090909090909,0.2909090909090909,0.41818181818181815
reaching,0.5714285714285714,0.2857142857142857,0.14285714285714285
readily,0.30434782608695654,0.2608695652173913,0.43478260869565216
readiness,0.16666666666666666,0.25,0.5833333333333334
reading,0.5,0.26666666666666666,0.23333333333333334
reality,0.3333333333333333,0.16666666666666666,0.5
reason,0.3508771929824561,0.18421052631578946,0.4649122807017544
reasonable,0.5405405405405406,0.13513513513513514,0.32432432432432434
reasonably,0.08333333333333333,0.08333333333333333,0.8333333333333334
reasons,0.25,0.125,0.625
receipt,0.25,0.25,0.5
receive,0.29411764705882354,0.23529411764705882,0.47058823529411764
received,0.3302752293577982,0.3119266055045872,0.3577981651376147
receiving,0.42424242424242425,0.18181818181818182,0.3939393939393939
reception,0.3076923076923077,0.23076923076923078,0.46153846153846156
recital,0.25,0.25,0.5
reckoned,0.5,0.16666666666666666,0.3333333333333333
recollect,0.47058823529411764,0.35294117647058826,0.17647058823529413
recollected,0.21428571428571427,0.42857142857142855,0.35714285714285715
recollecting,0.3076923076923077,0.23076923076923078,0.46153846153846156
recollection,0.23529411764705882,0.2647058823529412,0.5
recommend,0.6451612903225806,0.2903225806451613,0.06451612903225806
recommendation,0.4117647058823529,0.35294117647058826,0.23529411764705882
recommended,0.391304347826087,0.13043478260869565,0.4782608695652174
reconcile,0.3333333333333333,0.5,0.16666666666666666
reconciled,0.6153846153846154,0.07692307692307693,0.3076923076923077
reconciliation,0.2222222222222222,0.5555555555555556,0.2222222222222222
recover,0.38461538461538464,0.46153846153846156,0.15384615384615385
recovered,0.3548387096774194,0.22580645161290322,0.41935483870967744
recovering,0.26666666666666666,0.5333333333333333,0.2
recovery,0.07142857142857142,0.42857142857142855,0.5
refinement,0.6,0.2,0.2
reflected,0.6,0.2,0.2
reflection,0.46153846153846156,0.20512820512820512,0.3333333333333333
reflections,0.4,0.13333333333333333,0.4666666666666667
refrain,0.7142857142857143,0.14285714285714285,0.14285714285714285
refusal,0.625,0.25,0.125
refuse,0.7894736842105263,0.10526315789473684,0.10526315789473684
refused,0.5238095238095238,0.3333333333333333,0.14285714285714285
regarded,0.2857142857142857,0.14285714285714285,0.5714285714285714
regretted,0.4166666666666667,0.3333333333333333,0.25
regular,0.6296296296296297,0.2222222222222222,0.14814814814814814
rejected,0.5714285714285714,0.14285714285714285,0.2857142857142857
rejoice,0.46153846153846156,0.3076923076923077,0.23076923076923078
rejoiced,0.21428571428571427,0.35714285714285715,0.42857142857142855
rejoicing,0.16666666666666666,0.3333333333333333,0.5
relate,0.45454545454545453,0.18181818181818182,0.36363636363636365
related,0.19047619047619047,0.23809523809523808,0.5714285714285714
relation,0.05,0.25,0.7
relations,0.16,0.2,0.64
relative,0.4166666666666667,0.25,0.3333333333333333
release,0.16666666666666666,0.16666666666666666,0.6666666666666666
released,0.14285714285714285,0.42857142857142855,0.42857142857142855
relief,0.2727272727272727,0.18181818181818182,0.5454545454545454
relieve,0.42857142857142855,0.14285714285714285,0.42857142857142855
relieved,0.4166666666666667,0.25,0.3333333333333333
reluctance,0.5,0.16666666666666666,0.3333333333333333
remain,0.34146341463414637,0.36585365853658536,0.2926829268292683
remainder,0.25,0.5,0.25
remained,0.2857142857142857,0.21428571428571427,0.5
remaining,0.13636363636363635,0.3181818181818182,0.5454545454545454
remarkable,0.3333333333333333,0.4444444444444444,0.2222222222222222
remarkably,0.5263157894736842,0.15789473684210525,0.3157894736842105
remember,0.5783132530120482,0.18072289156626506,0.24096385542168675
remembered,0.4,0.26666666666666666,0.3333333333333333
remembering,0.2222222222222222,0.4444444444444444,0.3333333333333333
remembrance,0.3333333333333333,0.25,0.4166666666666667
reminded,0.375,0.125,0.5
removal,0.25925925925925924,0.3333333333333333,0.4074074074074074
remove,0.35714285714285715,0.14285714285714285,0.5
removed,0.3448275862068966,0.13793103448275862,0.5172413793103449
removing,0.23076923076923078,0.23076923076923078,0.5384615384615384
rendered,0.3333333333333333,0.2857142857142857,0.38095238095238093
renewal,0.6,0.2,0.2
renewed,0.2222222222222222,0.5555555555555556,0.2222222222222222
renewing,0.4,0.4,0.2
repaid,0.3333333333333333,0.3333333333333333,0.3333333333333333
repeat,0.14285714285714285,0.14285714285714285,0.7142857142857143
repeated,0.2857142857142857,0.14285714285714285,0.5714285714285714
repeatedly,0.36363636363636365,0.36363636363636365,0.2727272727272727
repeating,0.25,0.375,0.375
replied,0.36585365853658536,0.15121951219512195,0.48292682926829267
represent,0.2,0.2,0.6
representation,0.42857142857142855,0.2857142857142857,0.2857142857142857
representations,0.3333333333333333,0.3333333333333333,0.3333333333333333
representing,0.5,0.3333333333333333,0.16666666666666666
reproach,0.34782608695652173,0.17391304347826086,0.4782608695652174
repulsive,0.3333333333333333,0.3333333333333333,0.3333333333333333
request,0.25,0.125,0.625
requested,0.16666666666666666,0.3333333333333333,0.5
require,0.5833333333333334,0.16666666666666666,0.25
required,0.30952380952380953,0.2619047619047619,0.42857142857142855
requires,0.5,0.2,0.3
requiring,0.4,0.2,0.4
resemblance,0.2777777777777778,0.05555555555555555,0.6666666666666666
resentment,0.45,0.15,0.4
reserve,0.47619047619047616,0.09523809523809523,0.42857142857142855
reserved,0.5625,0.125,0.3125
residence,0.25,0.3125,0.4375
residing,0.5,0.25,0.25
resigned,0.4,0.2,0.4
resolutely,0.5555555555555556,0.2222222222222222,0.2222222222222222
resolution,0.45588235294117646,0.16176470588235295,0.38235294117647056
resolve,0.6666666666666666,0.2,0.13333333333333333
resolved,0.48214285714285715,0.017857142857142856,0.5
resolving,0.5,0.125,0.375
resorted,0.3333333333333333,0.3333333333333333,0.3333333333333333
resources,0.8181818181818182,0.09090909090909091,0.09090909090909091
respectability,0.14285714285714285,0.7142857142857143,0.14285714285714285
respectable,0.5128205128205128,0.1282051282051282,0.358974358974359
respectably,0.3333333333333333,0.3333333333333333,0.3333333333333333
respected,0.2857142857142857,0.2857142857142857,0.42857142857142855
respecting,0.2857142857142857,0.14285714285714285,0.5714285714285714
respective,0.3333333333333333,0.3333333333333333,0.3333333333333333
restore,0.5714285714285714,0.14285714285714285,0.2857142857142857
restored,0.22727272727272727,0.22727272727272727,0.5454545454545454
restoring,0.3333333333333333,0.3333333333333333,0.3333333333333333
restraints,0.3333333333333333,0.5,0.16666666666666666
retain,0.25,0.25,0.5
retired,0.5555555555555556,0.3333333333333333,0.1111111111111111
retirement,0.625,0.125,0.25
returned,0.3130434782608696,0.23478260869565218,0.45217391304347826
returning,0.4,0.275,0.325
reverie,0.25,0.125,0.625
reverse,0.36363636363636365,0.2727272727272727,0.36363636363636365
revive,0.25,0.25,0.5
revived,0.42857142857142855,0.2857142857142857,0.2857142857142857
rheumatic,0.3333333333333333,0.3333333333333333,0.3333333333333333
ridicule,0.16666666666666666,0.3333333333333333,0.5
romance,0.5,0.25,0.25
romantic,0.16666666666666666,0.16666666666666666,0.6666666666666666
rouse,0.2857142857142857,0.2857142857142857,0.42857142857142855
roused,0.13333333333333333,0.5333333333333333,0.3333333333333333
rousing,0.42857142857142855,0.14285714285714285,0.42857142857142855
ruined,0.14285714285714285,0.2857142857142857,0.5714285714285714
rumour,0.4,0.4,0.2
sacrifice,0.625,0.125,0.25
sacrificing,0.3333333333333333,0.3333333333333333,0.3333333333333333
sanguine,0.5,0.14285714285714285,0.35714285714285715
satisfaction,0.3333333333333333,0.1527777777777778,0.5138888888888888
satisfactory,0.42857142857142855,0.07142857142857142,0.5
satisfied,0.49473684210526314,0.24210526315789474,0.2631578947368421
saturday,0.7777777777777778,0.1111111111111111,0.1111111111111111
scattered,0.3333333333333333,0.5,0.16666666666666666
scrupulous,0.5714285714285714,0.2857142857142857,0.14285714285714285
sealed,0.3333333333333333,0.3333333333333333,0.3333333333333333
season,0.4,0.26666666666666666,0.3333333333333333
seated,0.5217391304347826,0.043478260869565216,0.43478260869565216
seclusion,0.7142857142857143,0.14285714285714285,0.14285714285714285
secure,0.3103448275862069,0.2413793103448276,0.4482758620689655
secured,0.45454545454545453,0.18181818181818182,0.36363636363636365
securing,0.375,0.25,0.375
security,0.3,0.1,0.6
seeing,0.390625,0.2890625,0.3203125
seeking,0.08333333333333333,0.25,0.6666666666666666
seemed,0.43209876543209874,0.28703703703703703,0.2808641975308642
seeming,0.5555555555555556,0.16666666666666666,0.2777777777777778
seized,0.5714285714285714,0.2857142857142857,0.14285714285714285
seizure,0.5,0.25,0.25
selfcommand,0.35714285714285715,0.07142857142857142,0.5714285714285714
selfdenial,0.3333333333333333,0.3333333333333333,0.3333333333333333
selfishness,0.21428571428571427,0.35714285714285715,0.42857142857142855
sensation,0.5,0.35714285714285715,0.14285714285714285
sensations,0.52,0.36,0.12
sensibility,0.3157894736842105,0.21052631578947367,0.47368421052631576
sensible,0.375,0.421875,0.203125
sentence,0.2857142857142857,0.14285714285714285,0.5714285714285714
sentences,0.5,0.16666666666666666,0.3333333333333333
sentiment,0.5,0.3,0.2
sentiments,0.2692307692307692,0.38461538461538464,0.34615384615384615
separate,0.6,0.2,0.2
separated,0.42857142857142855,0.14285714285714285,0.42857142857142855
separation,0.23529411764705882,0.23529411764705882,0.5294117647058824
separations,0.3333333333333333,0.3333333333333333,0.3333333333333333
september,0.45454545454545453,0.36363636363636365,0.18181818181818182
serious,0.4305555555555556,0.25,0.3194444444444444
seriously,0.5333333333333333,0.23333333333333334,0.23333333333333334
service,0.5365853658536586,0.24390243902439024,0.21951219512195122
services,0.14285714285714285,0.5714285714285714,0.2857142857142857
seventeen,0.2727272727272727,0.2727272727272727,0.45454545454545453
several,0.24242424242424243,0.30303030303030304,0.45454545454545453
severe,0.4864864864864865,0.35135135135135137,0.16216216216216217
shoulder,0.25,0.25,0.5
shrubberies,0.3333333333333333,0.3333333333333333,0.3333333333333333
silence,0.31746031746031744,0.1746031746031746,0.5079365079365079
silenced,0.5,0.16666666666666666,0.3333333333333333
similar,0.21428571428571427,0.21428571428571427,0.5714285714285714
similarity,0.3333333333333333,0.3333333333333333,0.3333333333333333
simplicity,0.6666666666666666,0.06666666666666667,0.26666666666666666
sincere,0.23809523809523808,0.19047619047619047,0.5714285714285714
sincerely,0.35294117647058826,0.11764705882352941,0.5294117647058824
sincerity,0.26666666666666666,0.26666666666666666,0.4666666666666667
situated,0.14285714285714285,0.2857142857142857,0.5714285714285714
situation,0.4375,0.1875,0.375
situations,0.42857142857142855,0.14285714285714285,0.42857142857142855
sixteen,0.6923076923076923,0.15384615384615385,0.15384615384615385
society,0.5662650602409639,0.1566265060240964,0.27710843373493976
softened,0.29411764705882354,0.17647058823529413,0.5294117647058824
solemnity,0.2,0.2,0.6
solicitation,0.3333333333333333,0.3333333333333333,0.3333333333333333
solicitous,0.4444444444444444,0.3333333333333333,0.2222222222222222
solicitude,0.35294117647058826,0.2647058823529412,0.38235294117647056
solitary,0.3,0.4,0.3
solitude,0.2,0.26666666666666666,0.5333333333333333
somebody,0.6521739130434783,0.21739130434782608,0.13043478260869565
somehow,0.45454545454545453,0.18181818181818182,0.36363636363636365
something,0.44214876033057854,0.2644628099173554,0.29338842975206614
sometimes,0.4470588235294118,0.2235294117647059,0.32941176470588235
somewhat,0.4,0.3,0.3
somewhere,0.36363636363636365,0.45454545454545453,0.18181818181818182
soninlaws,0.3333333333333333,0.3333333333333333,0.3333333333333333
sooner,0.36363636363636365,0.30303030303030304,0.3333333333333333
soothe,0.16666666666666666,0.16666666666666666,0.6666666666666666
soothing,0.4,0.2,0.4
sorrowful,0.7142857142857143,0.14285714285714285,0.14285714285714285
source,0.5,0.0625,0.4375
sources,0.4,0.2,0.4
spacious,0.25,0.25,0.5
speaking,0.5232558139534884,0.2441860465116279,0.23255813953488372
speedily,0.38461538461538464,0.07692307692307693,0.5384615384615384
spontaneous,0.25,0.5,0.25
square,0.7142857142857143,0.07142857142857142,0.21428571428571427
statement,0.3333333333333333,0.3333333333333333,0.3333333333333333
station,0.3,0.6,0.1
steadiness,0.4444444444444444,0.2222222222222222,0.3333333333333333
strengthened,0.4444444444444444,0.2222222222222222,0.3333333333333333
studied,0.3333333333333333,0.16666666666666666,0.5
subdued,0.42857142857142855,0.14285714285714285,0.42857142857142855
submissive,0.5,0.25,0.25
submitted,0.35294117647058826,0.29411764705882354,0.35294117647058826
submitting,0.5,0.25,0.25
subsequent,0.6666666666666666,0.16666666666666666,0.16666666666666666
succeed,0.5555555555555556,0.2222222222222222,0.2222222222222222
succeeded,0.4583333333333333,0.25,0.2916666666666667
succeeding,0.3333333333333333,0.26666666666666666,0.4
successful,0.6,0.2,0.2
suffered,0.23404255319148937,0.19148936170212766,0.574468085106383
suffering,0.3125,0.375,0.3125
sufferings,0.3333333333333333,0.2,0.4666666666666667
sufficient,0.38461538461538464,0.2692307692307692,0.34615384615384615
sufficiently,0.75,0.08333333333333333,0.16666666666666666
suggested,0.46153846153846156,0.23076923076923078,0.3076923076923077
suitable,0.4,0.3,0.3
suited,0.4444444444444444,0.3333333333333333,0.2222222222222222
sunshine,0.3333333333333333,0.3333333333333333,0.3333333333333333
superior,0.7236842105263158,0.11842105263157894,0.15789473684210525
superiority,0.45454545454545453,0.45454545454545453,0.09090909090909091
supplanted,0.6666666666666666,0.16666666666666666,0.16666666666666666
supplied,0.38461538461538464,0.38461538461538464,0.23076923076923078
suppose,0.5094339622641509,0.1509433962264151,0.33962264150943394
supposed,0.4342105263157895,0.25,0.3157894736842105
supposing,0.35,0.3,0.35
supposition,0.2,0.6,0.2
surprise,0.015625,0.359375,0.625
surrounded,0.4444444444444444,0.3333333333333333,0.2222222222222222
surrounding,0.16666666666666666,0.16666666666666666,0.6666666666666666
suspected,0.5384615384615384,0.15384615384615385,0.3076923076923077
suspecting,0.38461538461538464,0.3076923076923077,0.3076923076923077
suspense,0.2727272727272727,0.45454545454545453,0.2727272727272727
suspicion,0.5135135135135135,0.10810810810810811,0.3783783783783784
suspicions,0.6666666666666666,0.05555555555555555,0.2777777777777778
suspicious,0.2857142857142857,0.42857142857142855,0.2857142857142857
sweetness,0.42857142857142855,0.2857142857142857,0.2857142857142857
temptation,0.5714285714285714,0.07142857142857142,0.35714285714285715
tenderest,0.4,0.2,0.4
tenderness,0.17647058823529413,0.29411764705882354,0.5294117647058824
themselves,0.336283185840708,0.3274336283185841,0.336283185840708
therefore,0.33879781420765026,0.15300546448087432,0.5081967213114754
thirteen,0.2222222222222222,0.6666666666666666,0.1111111111111111
thorough,0.631578947368421,0.10526315789473684,0.2631578947368421
thoroughly,0.5277777777777778,0.16666666666666666,0.3055555555555556
thoughtful,0.36363636363636365,0.2727272727272727,0.36363636363636365
thoughtless,0.6666666666666666,0.16666666666666666,0.16666666666666666
thousand,0.22535211267605634,0.11267605633802817,0.6619718309859155
throughout,0.6666666666666666,0.16666666666666666,0.16666666666666666
together,0.3842364532019704,0.2660098522167488,0.3497536945812808
tolerable,0.38095238095238093,0.38095238095238093,0.23809523809523808
tolerably,0.6,0.12,0.28
tomorrow,0.36065573770491804,0.2786885245901639,0.36065573770491804
tongue,0.6363636363636364,0.18181818181818182,0.18181818181818182
touched,0.5714285714285714,0.2857142857142857,0.14285714285714285
tranquillity,0.4166666666666667,0.25,0.3333333333333333
transgressed,0.3333333333333333,0.3333333333333333,0.3333333333333333
travelled,0.09090909090909091,0.45454545454545453,0.45454545454545453
travelling,0.45454545454545453,0.18181818181818182,0.36363636363636365
treachery,0.4,0.4,0.2
treated,0.22727272727272727,0.13636363636363635,0.6363636363636364
tribute,0.5,0.25,0.25
triumphantly,0.3333333333333333,0.3333333333333333,0.3333333333333333
trivial,0.5,0.3333333333333333,0.16666666666666666
trouble,0.37209302325581395,0.32558139534883723,0.3023255813953488
troubles,0.4,0.2,0.4
troublesome,0.6,0.2,0.2
tuesday,0.4666666666666667,0.3333333333333333,0.2
twelvemonth,0.2,0.13333333333333333,0.6666666666666666
twentyfour,0.42857142857142855,0.42857142857142855,0.14285714285714285
unable,0.07407407407407407,0.25925925925925924,0.6666666666666666
unaccountable,0.2,0.1,0.7
unaffected,0.4,0.3,0.3
uncertain,0.1111111111111111,0.2777777777777778,0.6111111111111112
uncertainty,0.5714285714285714,0.14285714285714285,0.2857142857142857
uncomfortable,0.29411764705882354,0.11764705882352941,0.5882352941176471
uncommon,0.5714285714285714,0.14285714285714285,0.2857142857142857
unconcerned,0.4,0.4,0.2
understand,0.5454545454545454,0.2396694214876033,0.21487603305785125
understanding,0.4126984126984127,0.31746031746031744,0.2698412698412698
understood,0.40350877192982454,0.3508771929824561,0.24561403508771928
undesirable,0.3333333333333333,0.3333333333333333,0.3333333333333333
undoubtedly,0.46153846153846156,0.19230769230769232,0.34615384615384615
uneasiness,0.45,0.1,0.45
uneasy,0.6470588235294118,0.11764705882352941,0.23529411764705882
unemployed,0.3333333333333333,0.3333333333333333,0.3333333333333333
unequal,0.7,0.2,0.1
unexpected,0.4,0.2,0.4
unexpectedly,0.3333333333333333,0.3333333333333333,0.3333333333333333
unfavourable,0.4,0.2,0.4
unfeeling,0.25,0.5,0.25
unfortunate,0.21212121212121213,0.09090909090909091,0.696969696969697
unfortunately,0.3125,0.125,0.5625
ungracious,0.5,0.125,0.375
ungrateful,0.5714285714285714,0.14285714285714285,0.2857142857142857
unhappiness,0.2,0.1,0.7
unison,0.3333333333333333,0.3333333333333333,0.3333333333333333
united,0.43478260869565216,0.17391304347826086,0.391304347826087
universal,0.25,0.5,0.25
unlike,0.3125,0.1875,0.5
unlikely,0.5,0.125,0.375
unluckily,0.25,0.25,0.5
unnatural,0.5,0.16666666666666666,0.3333333333333333
unnecessary,0.3333333333333333,0.16666666666666666,0.5
unpardonable,0.3333333333333333,0.2222222222222222,0.4444444444444444
unpleasant,0.5,0.15384615384615385,0.34615384615384615
unreasonable,0.7692307692307693,0.07692307692307693,0.15384615384615385
unreasonably,0.6,0.2,0.2
unseen,0.5,0.3333333333333333,0.16666666666666666
unusual,0.625,0.125,0.25
unwelcome,0.36363636363636365,0.2727272727272727,0.36363636363636365
unwilling,0.28,0.12,0.6
useful,0.6363636363636364,0.3333333333333333,0.030303030303030304
ushered,0.4,0.4,0.2
usual,0.49504950495049505,0.21782178217821782,0.2871287128712871
valuable,0.45,0.25,0.3
value,0.36585365853658536,0.4634146341463415,0.17073170731707318
valued,0.25,0.3125,0.4375
variations,0.3333333333333333,0.3333333333333333,0.3333333333333333
varied,0.6666666666666666,0.16666666666666666,0.16666666666666666
variety,0.29411764705882354,0.11764705882352941,0.5882352941176471
various,0.42857142857142855,0.42857142857142855,0.14285714285714285
venture,0.41379310344827586,0.3103448275862069,0.27586206896551724
ventured,0.3333333333333333,0.3333333333333333,0.3333333333333333
vexation,0.5,0.16666666666666666,0.3333333333333333
viewed,0.5,0.25,0.25
vigorous,0.25,0.25,0.5
vigour,0.25,0.5,0.25
village,0.1,0.45,0.45
violence,0.2,0.2,0.6
violent,0.10526315789473684,0.10526315789473684,0.7894736842105263
virtues,0.4,0.4,0.2
visited,0.22727272727272727,0.4090909090909091,0.36363636363636365
visiting,0.5384615384615384,0.15384615384615385,0.3076923076923077
visitor,0.47368421052631576,0.10526315789473684,0.42105263157894735
visitors,0.2631578947368421,0.21052631578947367,0.5263157894736842
voice,0.4051724137931034,0.16379310344827586,0.43103448275862066
voices,0.5,0.25,0.25
volume,0.3,0.4,0.3
voluntary,0.5,0.16666666666666666,0.3333333333333333
waited,0.2857142857142857,0.23809523809523808,0.47619047619047616
waiting,0.3409090909090909,0.38636363636363635,0.2727272727272727
wandering,0.16666666666666666,0.16666666666666666,0.6666666666666666
weakness,0.1111111111111111,0.4444444444444444,0.4444444444444444
weather,0.582089552238806,0.13432835820895522,0.2835820895522388
wednesday,0.4,0.2,0.4
welcome,0.38095238095238093,0.21428571428571427,0.40476190476190477
welcomed,0.5,0.125,0.375
welfare,0.4444444444444444,0.1111111111111111,0.4444444444444444
wellinformed,0.42857142857142855,0.14285714285714285,0.42857142857142855
welljudging,0.3333333333333333,0.3333333333333333,0.3333333333333333
wellmeaning,0.42857142857142855,0.14285714285714285,0.42857142857142855
whatever,0.27692307692307694,0.12307692307692308,0.6
whenever,0.5510204081632653,0.14285714285714285,0.30612244897959184
wherever,0.4375,0.3125,0.25
whispered,0.3333333333333333,0.3333333333333333,0.3333333333333333
whispering,0.5714285714285714,0.2857142857142857,0.14285714285714285
whoever,0.6,0.2,0.2
widower,0.25,0.5,0.25
william,0.76,0.16,0.08
without,0.4311740890688259,0.21862348178137653,0.35020242914979755
witnessed,0.3076923076923077,0.3076923076923077,0.38461538461538464
witnessing,0.25,0.5,0.25
wondered,0.2222222222222222,0.16666666666666666,0.6111111111111112
wonderful,0.6842105263157895,0.15789473684210525,0.15789473684210525
wondering,0.42857142857142855,0.21428571428571427,0.35714285714285715
wounded,0.25,0.5,0.25
wretchedness,0.4166666666666667,0.16666666666666666,0.4166666666666667
yesterday,0.4716981132075472,0.2641509433962264,0.2641509433962264
yielded,0.4,0.4,0.2
younger,0.13333333333333333,0.4666666666666667,0.4
youngest,0.3076923076923077,0.46153846153846156,0.23076923076923078
yourself,0.5142857142857142,0.13333333333333333,0.3523809523809524
youthful,0.4,0.2,0.4
