11
18
2
5
5
9
4
2
8
14
11
24
20
16
5
6
6
4
21
6
21
15
10
7
17
20
16
21
5
23
16
25
11
10
3
23
4
20
12
17
0
2
3
20
10
7
10
9
17
19
15
5
16
23
14
6
23
3
9
3
12
2
6
5
19
6
9
5
5
1
0
16
10
20
9
5
2
10
18
20
19
12
7
12
15
23
3
2
23
16
5
15
19
7
16
20
23
12
15
1
1
17
5
14
17
22
15
15
15
2
13
9
2
4
1
1
5
11
15
12
18
8
11
20
3
22
20
1
17
24
7
6
20
6
12
8
19
9
7
25
6
3
9
7
6
21
13
7
11
1
3
5
8
11
23
2
13
10
21
25
13
0
3
23
14
13
16
21
20
2
5
19
13
19
7
9
11
15
6
11
20
24
24
18
0
21
0
7
5
4
14
16
19
1
0
5
7
19
0
10
13
12
16
7
25
2
2
10
23
3
